Date,Open,High,Low,Close,Adj Close,Volume
2011-11-17,719.210022,719.210022,719.210022,719.210022,709.147583,0
2011-11-18,719.210022,719.210022,719.210022,719.210022,709.147583,0
2011-11-22,719.210022,719.210022,719.210022,719.210022,709.147583,0
2011-11-23,719.210022,719.210022,719.210022,719.210022,709.147583,0
2011-11-24,719.210022,719.210022,719.210022,719.210022,709.147583,0
2011-11-25,719.210022,719.210022,719.210022,719.210022,709.147583,0
2011-11-28,719.210022,719.210022,719.210022,719.210022,709.147583,0
2011-11-29,719.210022,719.210022,719.210022,719.210022,709.147583,0
2011-11-30,719.210022,719.210022,719.210022,719.210022,709.147583,0
2011-12-01,719.210022,719.210022,719.210022,719.210022,709.147583,0
2011-12-02,719.210022,719.210022,719.210022,719.210022,709.147583,0
2011-12-05,719.210022,719.210022,719.210022,719.210022,709.147583,0
2011-12-06,719.210022,719.210022,719.210022,719.210022,709.147583,0
2011-12-07,719.210022,719.210022,719.210022,719.210022,709.147583,0
2011-12-08,719.210022,719.210022,719.210022,719.210022,709.147583,0
2011-12-09,719.210022,719.210022,719.210022,719.210022,709.147583,0
2011-12-13,719.210022,719.210022,719.210022,719.210022,709.147583,0
2011-12-14,719.210022,719.210022,719.210022,719.210022,709.147583,0
2011-12-15,719.210022,719.210022,719.210022,719.210022,709.147583,0
2011-12-16,719.210022,719.210022,719.210022,719.210022,709.147583,0
2011-12-19,719.210022,719.210022,719.210022,719.210022,709.147583,0
2011-12-20,719.210022,719.210022,719.210022,719.210022,709.147583,0
2011-12-21,719.210022,719.210022,719.210022,719.210022,709.147583,0
2011-12-22,719.210022,719.210022,719.210022,719.210022,709.147583,0
2011-12-23,719.210022,719.210022,719.210022,719.210022,709.147583,0
2011-12-26,719.210022,719.210022,719.210022,719.210022,709.147583,0
2011-12-27,719.210022,719.210022,719.210022,719.210022,709.147583,0
2011-12-28,719.210022,719.210022,719.210022,719.210022,709.147583,0
2011-12-29,719.210022,719.210022,719.210022,719.210022,709.147583,0
2011-12-30,719.210022,719.210022,719.210022,719.210022,709.147583,0
2012-01-02,719.210022,719.210022,719.210022,719.210022,709.147583,0
2012-01-03,719.210022,719.210022,719.210022,719.210022,709.147583,0
2012-01-04,719.210022,719.210022,719.210022,719.210022,709.147583,0
2012-01-05,719.210022,719.210022,719.210022,719.210022,709.147583,0
2012-01-09,719.210022,719.210022,719.210022,719.210022,709.147583,0
2012-01-10,719.210022,719.210022,719.210022,719.210022,709.147583,0
2012-01-11,719.210022,719.210022,719.210022,719.210022,709.147583,0
2012-01-12,719.210022,719.210022,719.210022,719.210022,709.147583,0
2012-01-13,719.210022,719.210022,719.210022,719.210022,709.147583,0
2012-01-16,719.210022,719.210022,719.210022,719.210022,709.147583,0
2012-01-17,719.210022,719.210022,719.210022,719.210022,709.147583,0
2012-01-18,719.210022,719.210022,719.210022,719.210022,709.147583,0
2012-01-19,719.210022,719.210022,719.210022,719.210022,709.147583,0
2012-01-20,719.210022,719.210022,719.210022,719.210022,709.147583,0
2012-01-23,719.210022,719.210022,719.210022,719.210022,709.147583,0
2012-01-24,719.210022,719.210022,719.210022,719.210022,709.147583,0
2012-01-25,719.210022,719.210022,719.210022,719.210022,709.147583,0
2012-01-26,719.210022,719.210022,719.210022,719.210022,709.147583,0
2012-01-27,719.210022,719.210022,719.210022,719.210022,709.147583,0
2012-01-30,719.210022,719.210022,719.210022,719.210022,709.147583,0
2012-01-31,719.210022,719.210022,719.210022,719.210022,709.147583,0
2012-02-01,719.210022,719.210022,719.210022,719.210022,709.147583,0
2012-02-02,719.210022,719.210022,719.210022,719.210022,709.147583,0
2012-02-03,719.210022,719.210022,719.210022,719.210022,709.147583,0
2012-02-07,719.210022,719.210022,719.210022,719.210022,709.147583,0
2012-02-08,719.210022,719.210022,719.210022,719.210022,709.147583,0
2012-02-09,719.210022,719.210022,719.210022,719.210022,709.147583,0
2012-02-10,719.210022,719.210022,719.210022,719.210022,709.147583,0
2012-02-13,719.210022,719.210022,719.210022,719.210022,709.147583,0
2012-02-14,719.210022,719.210022,719.210022,719.210022,709.147583,0
2012-02-15,719.210022,719.210022,719.210022,719.210022,709.147583,0
2012-02-16,719.210022,719.210022,719.210022,719.210022,709.147583,0
2012-02-17,719.210022,719.210022,719.210022,719.210022,709.147583,0
2012-02-20,719.210022,719.210022,719.210022,719.210022,709.147583,0
2012-02-21,719.210022,719.210022,719.210022,719.210022,709.147583,0
2012-02-22,719.210022,719.210022,719.210022,719.210022,709.147583,0
2012-02-23,719.210022,719.210022,719.210022,719.210022,709.147583,0
2012-02-24,719.210022,719.210022,719.210022,719.210022,709.147583,0
2012-02-27,719.210022,719.210022,719.210022,719.210022,709.147583,0
2012-02-28,719.210022,719.210022,719.210022,719.210022,709.147583,0
2012-02-29,719.210022,719.210022,719.210022,719.210022,709.147583,0
2012-03-01,719.210022,719.210022,719.210022,719.210022,709.147583,0
2012-03-02,719.210022,719.210022,719.210022,719.210022,709.147583,0
2012-03-05,719.210022,719.210022,719.210022,719.210022,710.182556,0
2012-03-06,719.210022,719.210022,719.210022,719.210022,710.182556,0
2012-03-07,719.210022,719.210022,719.210022,719.210022,710.182556,0
2012-03-08,719.210022,719.210022,719.210022,719.210022,710.182556,0
2012-03-09,719.210022,719.210022,719.210022,719.210022,710.182556,0
2012-03-12,719.210022,719.210022,719.210022,719.210022,710.182556,0
2012-03-13,719.210022,719.210022,719.210022,719.210022,710.182556,0
2012-03-14,719.210022,719.210022,719.210022,719.210022,710.182556,0
2012-03-15,719.210022,719.210022,719.210022,719.210022,710.182556,0
2012-03-16,719.210022,719.210022,719.210022,719.210022,710.182556,0
2012-03-20,719.210022,719.210022,719.210022,719.210022,710.182556,0
2012-03-21,719.210022,719.210022,719.210022,719.210022,710.182556,0
2012-03-22,719.210022,719.210022,719.210022,719.210022,710.182556,0
2012-03-23,719.210022,719.210022,719.210022,719.210022,710.182556,0
2012-03-26,719.210022,719.210022,719.210022,719.210022,710.182556,0
2012-03-27,719.210022,719.210022,719.210022,719.210022,710.182556,0
2012-03-28,719.210022,719.210022,719.210022,719.210022,710.182556,0
2012-03-29,719.210022,719.210022,719.210022,719.210022,710.182556,0
2012-03-30,719.210022,719.210022,719.210022,719.210022,710.182556,0
2012-04-02,719.210022,719.210022,719.210022,719.210022,710.182556,0
2012-04-03,719.210022,719.210022,719.210022,719.210022,710.182556,0
2012-04-04,719.210022,719.210022,719.210022,719.210022,710.182556,0
2012-04-09,719.210022,719.210022,719.210022,719.210022,710.182556,0
2012-04-10,719.210022,719.210022,719.210022,719.210022,710.182556,0
2012-04-11,719.210022,719.210022,719.210022,719.210022,710.182556,0
2012-04-12,719.210022,719.210022,719.210022,719.210022,710.182556,0
2012-04-13,719.210022,719.210022,719.210022,719.210022,710.182556,0
2012-04-16,719.210022,719.210022,719.210022,719.210022,710.182556,0
2012-04-17,719.210022,719.210022,719.210022,719.210022,710.182556,0
2012-04-18,719.210022,719.210022,719.210022,719.210022,710.182556,0
2012-04-19,719.210022,719.210022,719.210022,719.210022,710.182556,0
2012-04-20,719.210022,719.210022,719.210022,719.210022,710.182556,0
2012-04-23,719.210022,719.210022,719.210022,719.210022,710.182556,0
2012-04-24,719.210022,719.210022,719.210022,719.210022,710.182556,0
2012-04-25,719.210022,719.210022,719.210022,719.210022,710.182556,0
2012-04-26,719.210022,719.210022,719.210022,719.210022,710.182556,0
2012-04-27,719.210022,719.210022,719.210022,719.210022,710.182556,0
2012-04-30,719.210022,719.210022,719.210022,719.210022,710.182556,0
2012-05-02,719.210022,719.210022,719.210022,719.210022,710.182556,0
2012-05-03,719.210022,719.210022,719.210022,719.210022,710.182556,0
2012-05-04,719.210022,719.210022,719.210022,719.210022,710.182556,0
2012-05-07,719.210022,719.210022,719.210022,719.210022,710.182556,0
2012-05-08,719.210022,719.210022,719.210022,719.210022,710.182556,0
2012-05-09,719.210022,719.210022,719.210022,719.210022,710.182556,0
2012-05-10,719.210022,719.210022,719.210022,719.210022,710.182556,0
2012-05-11,719.210022,719.210022,719.210022,719.210022,710.182556,0
2012-05-14,719.210022,719.210022,719.210022,719.210022,710.182556,0
2012-05-15,719.210022,719.210022,719.210022,719.210022,710.182556,0
2012-05-16,719.210022,719.210022,719.210022,719.210022,710.182556,0
2012-05-17,719.210022,719.210022,719.210022,719.210022,710.182556,0
2012-05-18,719.210022,719.210022,719.210022,719.210022,710.182556,0
2012-05-21,1317.5,1317.5,1317.5,1317.5,1300.9628910000001,14
2012-05-22,1317.5,1317.5,1317.5,1317.5,1300.9628910000001,0
2012-05-23,1317.5,1317.5,1317.5,1317.5,1300.9628910000001,0
2012-05-24,1317.5,1317.5,1317.5,1317.5,1300.9628910000001,0
2012-05-25,1317.5,1317.5,1317.5,1317.5,1300.9628910000001,0
2012-05-28,1317.5,1317.5,1317.5,1317.5,1300.9628910000001,0
2012-05-29,1317.5,1317.5,1317.5,1317.5,1300.9628910000001,0
2012-05-30,1317.5,1317.5,1317.5,1317.5,1300.9628910000001,0
2012-05-31,1317.5,1317.5,1317.5,1317.5,1300.9628910000001,0
2012-06-01,1335.0,1335.0,1335.0,1335.0,1318.243042,2140
2012-06-04,1335.0,1335.0,1335.0,1335.0,1318.243042,0
2012-06-05,1335.0,1335.0,1335.0,1335.0,1318.243042,0
2012-06-06,1335.0,1335.0,1335.0,1335.0,1318.243042,0
2012-06-07,1335.0,1335.0,1335.0,1335.0,1318.243042,0
2012-06-08,1335.0,1335.0,1335.0,1335.0,1318.243042,0
2012-06-11,1335.0,1335.0,1335.0,1335.0,1318.243042,0
2012-06-12,1335.0,1335.0,1335.0,1335.0,1318.243042,0
2012-06-13,1335.0,1335.0,1335.0,1335.0,1318.243042,0
2012-06-14,1335.0,1335.0,1335.0,1335.0,1318.243042,0
2012-06-15,1335.0,1335.0,1335.0,1335.0,1318.243042,0
2012-06-18,1335.0,1335.0,1335.0,1335.0,1318.243042,0
2012-06-19,1335.0,1335.0,1335.0,1335.0,1318.243042,0
2012-06-20,1335.0,1335.0,1335.0,1335.0,1318.243042,0
2012-06-21,1335.0,1335.0,1335.0,1335.0,1318.243042,0
2012-06-22,1335.0,1335.0,1335.0,1335.0,1318.243042,0
2012-06-25,1335.0,1335.0,1335.0,1335.0,1318.243042,0
2012-06-26,1335.0,1335.0,1335.0,1335.0,1318.243042,0
2012-06-27,1335.0,1335.0,1335.0,1335.0,1318.243042,0
2012-06-28,1335.0,1335.0,1335.0,1335.0,1318.243042,0
2012-06-29,1379.52002,1379.52002,1379.52002,1379.52002,1362.204346,945
2012-07-03,1379.52002,1379.52002,1379.52002,1379.52002,1362.204346,0
2012-07-04,1379.52002,1379.52002,1379.52002,1379.52002,1362.204346,0
2012-07-05,1379.52002,1379.52002,1379.52002,1379.52002,1362.204346,0
2012-07-06,1379.52002,1379.52002,1379.52002,1379.52002,1362.204346,0
2012-07-09,1379.52002,1379.52002,1379.52002,1379.52002,1362.204346,0
2012-07-10,1379.52002,1379.52002,1379.52002,1379.52002,1362.204346,0
2012-07-11,1379.52002,1379.52002,1379.52002,1379.52002,1362.204346,0
2012-07-12,1379.52002,1379.52002,1379.52002,1379.52002,1362.204346,0
2012-07-13,1379.52002,1379.52002,1379.52002,1379.52002,1362.204346,0
2012-07-16,1379.52002,1379.52002,1379.52002,1379.52002,1362.204346,0
2012-07-17,1379.52002,1379.52002,1379.52002,1379.52002,1362.204346,0
2012-07-18,1379.52002,1379.52002,1379.52002,1379.52002,1362.204346,0
2012-07-19,1379.52002,1379.52002,1379.52002,1379.52002,1362.204346,0
2012-07-20,1379.52002,1379.52002,1379.52002,1379.52002,1362.204346,0
2012-07-23,1379.52002,1379.52002,1379.52002,1379.52002,1362.204346,0
2012-07-24,1379.52002,1379.52002,1379.52002,1379.52002,1362.204346,0
2012-07-25,1379.52002,1379.52002,1379.52002,1379.52002,1362.204346,0
2012-07-26,1379.52002,1379.52002,1379.52002,1379.52002,1362.204346,0
2012-07-27,1379.52002,1379.52002,1379.52002,1379.52002,1362.204346,0
2012-07-30,1379.52002,1379.52002,1379.52002,1379.52002,1362.204346,0
2012-07-31,1379.52002,1379.52002,1379.52002,1379.52002,1362.204346,0
2012-08-01,1379.52002,1379.52002,1379.52002,1379.52002,1362.204346,0
2012-08-02,1379.52002,1379.52002,1379.52002,1379.52002,1362.204346,0
2012-08-03,1379.52002,1379.52002,1379.52002,1379.52002,1362.204346,0
2012-08-06,1379.52002,1379.52002,1379.52002,1379.52002,1362.204346,0
2012-08-07,1418.5,1418.5,1418.5,1418.5,1400.695068,15
2012-08-08,1418.5,1418.5,1418.5,1418.5,1400.695068,0
2012-08-09,1418.5,1418.5,1418.5,1418.5,1400.695068,0
2012-08-10,1418.5,1418.5,1418.5,1418.5,1400.695068,0
2012-08-13,1418.5,1418.5,1418.5,1418.5,1400.695068,0
2012-08-14,1418.5,1418.5,1418.5,1418.5,1400.695068,0
2012-08-15,1418.5,1418.5,1418.5,1418.5,1400.695068,0
2012-08-16,1418.5,1418.5,1418.5,1418.5,1400.695068,0
2012-08-17,1418.5,1418.5,1418.5,1418.5,1400.695068,0
2012-08-20,1418.5,1418.5,1418.5,1418.5,1400.695068,0
2012-08-21,1418.5,1418.5,1418.5,1418.5,1400.695068,0
2012-08-22,1418.5,1418.5,1418.5,1418.5,1400.695068,0
2012-08-23,1418.5,1418.5,1418.5,1418.5,1400.695068,0
2012-08-24,1418.5,1418.5,1418.5,1418.5,1400.695068,0
2012-08-27,1418.5,1418.5,1418.5,1418.5,1400.695068,0
2012-08-28,1435.0,1435.0,1435.0,1435.0,1416.988159,460
2012-08-29,1435.0,1435.0,1435.0,1435.0,1416.988159,0
2012-08-30,1435.0,1435.0,1435.0,1435.0,1416.988159,0
2012-08-31,1435.0,1435.0,1435.0,1435.0,1416.988159,0
2012-09-03,1435.0,1435.0,1435.0,1435.0,1416.988159,0
2012-09-04,1435.0,1435.0,1435.0,1435.0,1416.988159,0
2012-09-05,1435.0,1435.0,1435.0,1435.0,1418.6917720000001,0
2012-09-06,1435.0,1435.0,1435.0,1435.0,1418.6917720000001,0
2012-09-07,1435.0,1435.0,1435.0,1435.0,1418.6917720000001,0
2012-09-10,1435.0,1435.0,1435.0,1435.0,1418.6917720000001,0
2012-09-11,1435.0,1435.0,1435.0,1435.0,1418.6917720000001,0
2012-09-12,1435.0,1435.0,1435.0,1435.0,1418.6917720000001,0
2012-09-14,1386.800049,1386.800049,1386.800049,1386.800049,1371.039551,500
2012-09-17,1386.800049,1386.800049,1386.800049,1386.800049,1371.039551,0
2012-09-18,1386.800049,1386.800049,1386.800049,1386.800049,1371.039551,0
2012-09-19,1386.800049,1386.800049,1386.800049,1386.800049,1371.039551,0
2012-09-20,1386.800049,1386.800049,1386.800049,1386.800049,1371.039551,0
2012-09-21,1386.800049,1386.800049,1386.800049,1386.800049,1371.039551,0
2012-09-24,1386.800049,1386.800049,1386.800049,1386.800049,1371.039551,0
2012-09-25,1386.800049,1386.800049,1386.800049,1386.800049,1371.039551,0
2012-09-26,1386.800049,1386.800049,1386.800049,1386.800049,1371.039551,0
2012-09-27,1386.800049,1386.800049,1386.800049,1386.800049,1371.039551,0
2012-09-28,1386.800049,1386.800049,1386.800049,1386.800049,1371.039551,0
2012-10-01,1386.800049,1386.800049,1386.800049,1386.800049,1371.039551,0
2012-10-02,1386.800049,1386.800049,1386.800049,1386.800049,1371.039551,0
2012-10-03,1386.800049,1386.800049,1386.800049,1386.800049,1371.039551,0
2012-10-04,1386.800049,1386.800049,1386.800049,1386.800049,1371.039551,0
2012-10-05,1386.800049,1386.800049,1386.800049,1386.800049,1371.039551,0
2012-10-08,1471.72998,1471.72998,1471.72998,1471.72998,1455.00415,800
2012-10-09,1471.72998,1471.72998,1471.72998,1471.72998,1455.00415,0
2012-10-10,1460.630005,1460.630005,1459.0,1459.0,1442.418823,1000
2012-10-11,1459.0,1459.0,1459.0,1459.0,1442.418823,0
2012-10-12,1459.0,1459.0,1459.0,1459.0,1442.418823,0
2012-10-15,1459.0,1459.0,1459.0,1459.0,1442.418823,0
2012-10-16,1459.0,1459.0,1459.0,1459.0,1442.418823,0
2012-10-17,1469.0,1469.0,1469.0,1469.0,1452.305176,135
2012-10-18,1469.0,1469.0,1469.0,1469.0,1452.305176,0
2012-10-19,1469.0,1469.0,1469.0,1469.0,1452.305176,0
2012-10-22,1469.0,1469.0,1469.0,1469.0,1452.305176,0
2012-10-23,1469.0,1469.0,1469.0,1469.0,1452.305176,0
2012-10-24,1469.0,1469.0,1469.0,1469.0,1452.305176,0
2012-10-25,1469.0,1469.0,1469.0,1469.0,1452.305176,0
2012-10-26,1469.0,1469.0,1469.0,1469.0,1452.305176,0
2012-10-29,1469.0,1469.0,1469.0,1469.0,1452.305176,0
2012-10-30,1469.0,1469.0,1469.0,1469.0,1452.305176,0
2012-10-31,1469.0,1469.0,1469.0,1469.0,1452.305176,0
2012-11-05,1469.0,1469.0,1469.0,1469.0,1452.305176,0
2012-11-06,1469.0,1469.0,1469.0,1469.0,1452.305176,0
2012-11-07,1469.0,1469.0,1469.0,1469.0,1452.305176,0
2012-11-08,1469.0,1469.0,1469.0,1469.0,1452.305176,0
2012-11-09,1469.0,1469.0,1469.0,1469.0,1452.305176,0
2012-11-12,1469.0,1469.0,1469.0,1469.0,1452.305176,0
2012-11-13,1469.0,1469.0,1469.0,1469.0,1452.305176,0
2012-11-14,1469.0,1469.0,1469.0,1469.0,1452.305176,0
2012-11-15,1469.0,1469.0,1469.0,1469.0,1452.305176,0
2012-11-16,1469.0,1469.0,1469.0,1469.0,1452.305176,0
2012-11-20,1469.0,1469.0,1469.0,1469.0,1452.305176,0
2012-11-21,1469.0,1469.0,1469.0,1469.0,1452.305176,0
2012-11-22,1469.0,1469.0,1469.0,1469.0,1452.305176,0
2012-11-23,1469.0,1469.0,1469.0,1469.0,1452.305176,0
2012-11-26,1469.0,1469.0,1469.0,1469.0,1452.305176,0
2012-11-27,1469.0,1469.0,1469.0,1469.0,1452.305176,0
2012-11-28,1469.0,1469.0,1469.0,1469.0,1452.305176,0
2012-11-29,1469.0,1469.0,1469.0,1469.0,1452.305176,0
2012-11-30,1542.800049,1542.800049,1542.800049,1542.800049,1525.266602,300
2012-12-03,1542.800049,1542.800049,1542.800049,1542.800049,1525.266602,0
2012-12-04,1542.800049,1542.800049,1542.800049,1542.800049,1525.266602,0
2012-12-05,1542.800049,1542.800049,1542.800049,1542.800049,1525.266602,0
2012-12-06,1542.800049,1542.800049,1542.800049,1542.800049,1525.266602,0
2012-12-07,1542.800049,1542.800049,1542.800049,1542.800049,1525.266602,0
2012-12-10,1549.949951,1549.949951,1549.949951,1549.949951,1532.335205,250
2012-12-11,1549.949951,1549.949951,1549.949951,1549.949951,1532.335205,0
2012-12-13,1549.949951,1549.949951,1549.949951,1549.949951,1532.335205,0
2012-12-14,1549.949951,1549.949951,1549.949951,1549.949951,1532.335205,0
2012-12-17,1549.949951,1549.949951,1549.949951,1549.949951,1532.335205,0
2012-12-18,1549.949951,1549.949951,1549.949951,1549.949951,1532.335205,0
2012-12-19,1518.0,1518.0,1518.0,1518.0,1500.748657,100
2012-12-20,1518.0,1518.0,1518.0,1518.0,1500.748657,0
2012-12-21,1518.0,1518.0,1518.0,1518.0,1500.748657,0
2012-12-24,1518.0,1518.0,1518.0,1518.0,1500.748657,0
2012-12-26,1518.0,1518.0,1518.0,1518.0,1500.748657,0
2012-12-27,1518.0,1518.0,1518.0,1518.0,1500.748657,0
2012-12-28,1518.0,1518.0,1518.0,1518.0,1500.748657,0
2012-12-31,1518.0,1518.0,1518.0,1518.0,1500.748657,0
2013-01-02,1518.0,1518.0,1518.0,1518.0,1500.748657,0
2013-01-03,1518.0,1518.0,1518.0,1518.0,1500.748657,0
2013-01-04,1518.0,1518.0,1518.0,1518.0,1500.748657,0
2013-01-07,1518.0,1518.0,1518.0,1518.0,1500.748657,0
2013-01-08,1518.0,1518.0,1518.0,1518.0,1500.748657,0
2013-01-09,1518.0,1518.0,1518.0,1518.0,1500.748657,0
2013-01-10,1518.0,1518.0,1518.0,1518.0,1500.748657,0
2013-01-11,1518.0,1518.0,1518.0,1518.0,1500.748657,0
2013-01-14,1518.0,1518.0,1518.0,1518.0,1500.748657,0
2013-01-15,1518.0,1518.0,1518.0,1518.0,1500.748657,0
2013-01-16,1518.0,1518.0,1518.0,1518.0,1500.748657,0
2013-01-17,1518.0,1518.0,1518.0,1518.0,1500.748657,0
2013-01-18,1518.0,1518.0,1518.0,1518.0,1500.748657,0
2013-01-21,1518.0,1518.0,1518.0,1518.0,1500.748657,0
2013-01-22,1518.0,1518.0,1518.0,1518.0,1500.748657,0
2013-01-23,1518.0,1518.0,1518.0,1518.0,1500.748657,0
2013-01-24,1487.599976,1487.599976,1487.599976,1487.599976,1470.6938480000001,135
2013-01-25,1487.599976,1487.599976,1487.599976,1487.599976,1470.6938480000001,0
2013-01-28,1487.599976,1487.599976,1487.599976,1487.599976,1470.6938480000001,0
2013-01-29,1487.599976,1487.599976,1487.599976,1487.599976,1470.6938480000001,0
2013-01-30,1487.599976,1487.599976,1487.599976,1487.599976,1470.6938480000001,0
2013-01-31,1487.599976,1487.599976,1487.599976,1487.599976,1470.6938480000001,0
2013-02-01,1487.599976,1487.599976,1487.599976,1487.599976,1470.6938480000001,0
2013-02-05,1487.599976,1487.599976,1487.599976,1487.599976,1470.6938480000001,0
2013-02-06,1487.599976,1487.599976,1487.599976,1487.599976,1470.6938480000001,0
2013-02-07,1487.599976,1487.599976,1487.599976,1487.599976,1470.6938480000001,0
2013-02-08,1487.599976,1487.599976,1487.599976,1487.599976,1470.6938480000001,0
2013-02-11,1487.599976,1487.599976,1487.599976,1487.599976,1470.6938480000001,0
2013-02-12,1487.599976,1487.599976,1487.599976,1487.599976,1470.6938480000001,0
2013-02-13,1507.640015,1507.640015,1507.640015,1507.640015,1490.5063480000001,2725
2013-02-14,1507.640015,1507.640015,1507.640015,1507.640015,1490.5063480000001,0
2013-02-15,1507.640015,1507.640015,1507.640015,1507.640015,1490.5063480000001,0
2013-02-18,1507.640015,1507.640015,1507.640015,1507.640015,1490.5063480000001,0
2013-02-19,1507.640015,1507.640015,1507.640015,1507.640015,1490.5063480000001,0
2013-02-20,1507.640015,1507.640015,1507.640015,1507.640015,1490.5063480000001,0
2013-02-21,1507.640015,1507.640015,1507.640015,1507.640015,1490.5063480000001,0
2013-02-22,1507.640015,1507.640015,1507.640015,1507.640015,1490.5063480000001,0
2013-02-25,1500.0,1500.0,1500.0,1500.0,1482.9530029999999,750
2013-02-26,1526.810059,1526.810059,1526.810059,1526.810059,1509.4584960000002,550
2013-02-27,1526.810059,1526.810059,1526.810059,1526.810059,1510.551392,0
2013-02-28,1526.810059,1526.810059,1526.810059,1526.810059,1510.551392,0
2013-03-01,1526.810059,1526.810059,1526.810059,1526.810059,1510.551392,0
2013-03-04,1526.810059,1526.810059,1526.810059,1526.810059,1510.551392,0
2013-03-05,1526.810059,1526.810059,1526.810059,1526.810059,1510.551392,0
2013-03-06,1526.810059,1526.810059,1526.810059,1526.810059,1510.551392,0
2013-03-07,1526.810059,1526.810059,1526.810059,1526.810059,1510.551392,0
2013-03-08,1526.810059,1526.810059,1526.810059,1526.810059,1510.551392,0
2013-03-11,1526.810059,1526.810059,1526.810059,1526.810059,1510.551392,0
2013-03-12,1485.920044,1485.920044,1485.920044,1485.920044,1470.096802,334
2013-03-13,1485.920044,1485.920044,1485.920044,1485.920044,1470.096802,0
2013-03-14,1485.920044,1485.920044,1485.920044,1485.920044,1470.096802,0
2013-03-15,1485.920044,1485.920044,1485.920044,1485.920044,1470.096802,0
2013-03-19,1485.920044,1485.920044,1485.920044,1485.920044,1470.096802,0
2013-03-20,1485.920044,1485.920044,1485.920044,1485.920044,1470.096802,0
2013-03-21,1485.920044,1485.920044,1485.920044,1485.920044,1470.096802,0
2013-03-22,1485.920044,1485.920044,1485.920044,1485.920044,1470.096802,0
2013-03-25,1485.920044,1485.920044,1485.920044,1485.920044,1470.096802,0
2013-03-26,1485.920044,1485.920044,1485.920044,1485.920044,1470.096802,0
2013-03-27,1485.920044,1485.920044,1485.920044,1485.920044,1470.096802,0
2013-04-01,1485.920044,1485.920044,1485.920044,1485.920044,1470.096802,0
2013-04-02,1485.920044,1485.920044,1485.920044,1485.920044,1470.096802,0
2013-04-03,1485.920044,1485.920044,1485.920044,1485.920044,1470.096802,0
2013-04-04,1485.920044,1485.920044,1485.920044,1485.920044,1470.096802,0
2013-04-05,1485.920044,1485.920044,1485.920044,1485.920044,1470.096802,0
2013-04-08,1493.5,1493.5,1493.5,1493.5,1477.595825,47
2013-04-09,1458.599976,1458.599976,1458.599976,1458.599976,1443.067627,46
2013-04-10,1458.599976,1458.599976,1458.599976,1458.599976,1443.067627,0
2013-04-11,1458.599976,1458.599976,1458.599976,1458.599976,1443.067627,0
2013-04-12,1458.599976,1458.599976,1458.599976,1458.599976,1443.067627,0
2013-04-15,1458.599976,1458.599976,1458.599976,1458.599976,1443.067627,0
2013-04-16,1458.599976,1458.599976,1458.599976,1458.599976,1443.067627,0
2013-04-17,1458.599976,1458.599976,1458.599976,1458.599976,1443.067627,0
2013-04-18,1458.599976,1458.599976,1458.599976,1458.599976,1443.067627,0
2013-04-19,1458.599976,1458.599976,1458.599976,1458.599976,1443.067627,0
2013-04-22,1458.599976,1458.599976,1458.599976,1458.599976,1443.067627,0
2013-04-23,1458.599976,1458.599976,1458.599976,1458.599976,1443.067627,0
2013-04-24,1480.0,1480.0,1480.0,1480.0,1464.239624,2730
2013-04-25,1466.0,1466.0,1466.0,1466.0,1450.388794,2730
2013-04-26,1466.0,1466.0,1466.0,1466.0,1450.388794,0
2013-04-29,1466.0,1466.0,1466.0,1466.0,1450.388794,0
2013-04-30,1477.25,1477.25,1477.25,1477.25,1461.519165,5380
2013-05-02,1484.0,1484.0,1484.0,1484.0,1468.197144,155
2013-05-03,1484.0,1484.0,1484.0,1484.0,1468.197144,0
2013-05-06,1484.0,1484.0,1484.0,1484.0,1468.197144,0
2013-05-07,1482.48999,1482.48999,1482.48999,1482.48999,1466.7030029999999,609
2013-05-08,1482.48999,1482.48999,1482.48999,1482.48999,1466.7030029999999,0
2013-05-09,1474.449951,1474.449951,1474.449951,1474.449951,1458.748657,2250
2013-05-10,1474.449951,1474.449951,1474.449951,1474.449951,1458.748657,0
2013-05-13,1474.449951,1474.449951,1474.449951,1474.449951,1458.748657,0
2013-05-14,1474.449951,1474.449951,1474.449951,1474.449951,1458.748657,0
2013-05-15,1474.449951,1474.449951,1474.449951,1474.449951,1458.748657,0
2013-05-16,1537.0,1537.0,1537.0,1537.0,1520.6326900000001,151
2013-05-17,1515.650024,1515.650024,1515.650024,1515.650024,1499.51001,324
2013-05-20,1535.199951,1535.199951,1535.199951,1535.199951,1518.851929,160
2013-05-21,1535.199951,1535.199951,1535.199951,1535.199951,1518.851929,0
2013-05-22,1535.199951,1535.199951,1535.199951,1535.199951,1518.851929,0
2013-05-23,1535.199951,1535.199951,1535.199951,1535.199951,1518.851929,0
2013-05-24,1535.199951,1535.199951,1535.199951,1535.199951,1518.851929,0
2013-05-27,1535.199951,1535.199951,1535.199951,1535.199951,1518.851929,0
2013-05-28,1543.0,1549.0,1543.0,1549.0,1532.504883,120
2013-05-29,1549.0,1549.0,1549.0,1549.0,1532.504883,0
2013-05-30,1549.0,1549.0,1549.0,1549.0,1532.504883,0
2013-05-31,1549.0,1549.0,1549.0,1549.0,1532.504883,0
2013-06-03,1519.680054,1519.680054,1519.680054,1519.680054,1503.497192,845
2013-06-04,1519.680054,1519.680054,1519.680054,1519.680054,1503.497192,0
2013-06-05,1519.680054,1519.680054,1519.680054,1519.680054,1503.497192,0
2013-06-06,1519.680054,1519.680054,1519.680054,1519.680054,1503.497192,0
2013-06-07,1519.680054,1519.680054,1519.680054,1519.680054,1503.497192,0
2013-06-10,1519.680054,1519.680054,1519.680054,1519.680054,1503.497192,0
2013-06-11,1519.680054,1519.680054,1519.680054,1519.680054,1503.497192,0
2013-06-12,1519.680054,1519.680054,1519.680054,1519.680054,1503.497192,0
2013-06-13,1519.680054,1519.680054,1519.680054,1519.680054,1503.497192,0
2013-06-14,1519.680054,1519.680054,1519.680054,1519.680054,1503.497192,0
2013-06-17,1519.680054,1519.680054,1519.680054,1519.680054,1503.497192,0
2013-06-18,1519.680054,1519.680054,1519.680054,1519.680054,1503.497192,0
2013-06-19,1519.680054,1519.680054,1519.680054,1519.680054,1503.497192,0
2013-06-20,1519.680054,1519.680054,1519.680054,1519.680054,1503.497192,0
2013-06-21,1513.0,1513.0,1513.0,1513.0,1496.888306,45
2013-06-24,1513.0,1513.0,1513.0,1513.0,1496.888306,0
2013-06-25,1513.0,1513.0,1513.0,1513.0,1496.888306,0
2013-06-26,1513.0,1513.0,1513.0,1513.0,1496.888306,0
2013-06-27,1513.0,1513.0,1513.0,1513.0,1496.888306,0
2013-06-28,1495.0,1495.0,1495.0,1495.0,1479.080078,33
2013-07-01,1517.579956,1517.579956,1517.579956,1517.579956,1501.419434,6300
2013-07-02,1517.579956,1517.579956,1517.579956,1517.579956,1501.419434,0
2013-07-03,1515.98999,1515.98999,1515.98999,1515.98999,1499.846558,100
2013-07-04,1515.98999,1515.98999,1515.98999,1515.98999,1499.846558,0
2013-07-05,1515.98999,1515.98999,1515.98999,1515.98999,1499.846558,0
2013-07-08,1515.98999,1515.98999,1515.98999,1515.98999,1499.846558,0
2013-07-09,1515.98999,1515.98999,1515.98999,1515.98999,1499.846558,0
2013-07-10,1545.0,1545.0,1545.0,1545.0,1528.547485,840
2013-07-11,1563.319946,1563.319946,1563.319946,1563.319946,1546.6723630000001,153
2013-07-12,1563.319946,1563.319946,1563.319946,1563.319946,1546.6723630000001,0
2013-07-15,1548.0,1548.0,1548.0,1548.0,1531.5157470000001,11
2013-07-16,1548.0,1548.0,1548.0,1548.0,1531.5157470000001,0
2013-07-17,1548.0,1548.0,1548.0,1548.0,1531.5157470000001,0
2013-07-18,1548.0,1548.0,1548.0,1548.0,1531.5157470000001,0
2013-07-19,1548.0,1548.0,1548.0,1548.0,1531.5157470000001,0
2013-07-22,1548.0,1548.0,1548.0,1548.0,1531.5157470000001,0
2013-07-23,1548.0,1548.0,1548.0,1548.0,1531.5157470000001,0
2013-07-24,1548.0,1548.0,1548.0,1548.0,1531.5157470000001,0
2013-07-25,1548.0,1548.0,1548.0,1548.0,1531.5157470000001,0
2013-07-26,1548.0,1548.0,1548.0,1548.0,1531.5157470000001,0
2013-07-29,1548.0,1548.0,1548.0,1548.0,1531.5157470000001,0
2013-07-30,1548.0,1548.0,1548.0,1548.0,1531.5157470000001,0
2013-07-31,1548.0,1548.0,1548.0,1548.0,1531.5157470000001,0
2013-08-01,1617.5,1617.5,1617.5,1617.5,1600.275513,55
2013-08-02,1617.5,1617.5,1617.5,1617.5,1600.275513,0
2013-08-05,1617.5,1617.5,1617.5,1617.5,1600.275513,0
2013-08-06,1617.5,1617.5,1617.5,1617.5,1600.275513,0
2013-08-07,1652.0,1652.0,1652.0,1652.0,1634.408325,100
2013-08-08,1652.0,1652.0,1652.0,1652.0,1634.408325,0
2013-08-09,1660.0,1660.0,1660.0,1660.0,1642.322876,25
2013-08-12,1625.25,1625.25,1625.25,1625.25,1607.942993,350
2013-08-13,1655.0,1655.0,1655.0,1655.0,1637.376099,15
2013-08-14,1644.0,1644.0,1644.0,1644.0,1628.356567,35
2013-08-15,1644.0,1644.0,1644.0,1644.0,1628.356567,0
2013-08-16,1632.050049,1635.0,1632.050049,1635.0,1619.442383,14037
2013-08-19,1658.650024,1658.650024,1658.650024,1658.650024,1642.8673099999999,29328
2013-08-20,1658.650024,1658.650024,1658.650024,1658.650024,1642.8673099999999,0
2013-08-21,1658.650024,1658.650024,1658.650024,1658.650024,1642.8673099999999,0
2013-08-22,1658.650024,1658.650024,1658.650024,1658.650024,1642.8673099999999,0
2013-08-23,1641.0,1641.0,1641.0,1641.0,1625.385376,245
2013-08-26,1657.0,1657.0,1657.0,1657.0,1641.232666,35
2013-08-27,1648.410034,1648.410034,1648.410034,1648.410034,1632.7246089999999,515
2013-08-28,1648.410034,1648.410034,1648.410034,1648.410034,1632.7246089999999,0
2013-08-29,1652.0,1652.0,1652.0,1652.0,1636.28064,1406
2013-08-30,1652.0,1652.0,1652.0,1652.0,1636.28064,0
2013-09-02,1652.0,1652.0,1652.0,1652.0,1636.28064,0
2013-09-03,1652.800049,1652.800049,1652.800049,1652.800049,1637.072876,70
2013-09-04,1652.800049,1652.800049,1652.800049,1652.800049,1637.072876,0
2013-09-05,1650.890015,1650.890015,1650.890015,1650.890015,1635.1811519999999,283
2013-09-06,1638.0,1638.0,1638.0,1638.0,1622.413696,85
2013-09-09,1634.199951,1634.199951,1634.199951,1634.199951,1618.64978,20
2013-09-10,1620.0,1637.0,1620.0,1637.0,1621.422974,104
2013-09-11,1647.0,1649.27002,1647.0,1649.27002,1633.576538,478
2013-09-12,1653.0,1653.0,1651.0,1652.140015,1636.419189,1585
2013-09-13,1665.0,1665.0,1665.0,1665.0,1649.156982,81
2013-09-17,1669.0,1669.0,1669.0,1669.0,1653.118774,35
2013-09-18,1674.0,1674.0,1669.969971,1669.969971,1654.07959,1072
2013-09-19,1687.550049,1687.550049,1682.0100100000002,1682.0100100000002,1666.005005,12868
2013-09-20,1669.5,1669.5,1669.5,1669.5,1653.614014,548
2013-09-23,1670.0,1686.699951,1670.0,1686.699951,1670.650024,795
2013-09-24,1669.079956,1673.0,1669.079956,1673.0,1657.080688,4113
2013-09-25,1649.0,1660.48999,1649.0,1660.48999,1644.689697,904
2013-09-26,1670.0,1670.0,1670.0,1670.0,1654.1091310000002,125
2013-09-27,1680.3499760000002,1680.3499760000002,1679.780029,1679.780029,1663.796143,925
2013-09-30,1670.0,1670.0,1670.0,1670.0,1654.1091310000002,5831
2013-10-01,1678.25,1678.25,1674.589966,1674.589966,1658.655518,959
2013-10-02,1661.47998,1661.5,1659.27002,1659.27002,1643.481323,780
2013-10-03,1673.780029,1673.780029,1666.150024,1666.150024,1650.295898,431
2013-10-04,1644.27002,1647.0,1644.27002,1647.0,1631.3280029999999,625
2013-10-07,1647.0,1647.0,1647.0,1647.0,1631.3280029999999,0
2013-10-08,1647.0,1647.0,1647.0,1647.0,1631.3280029999999,0
2013-10-09,1610.0,1612.0,1610.0,1612.0,1596.661255,8822
2013-10-10,1616.75,1616.75,1616.75,1616.75,1601.365845,400
2013-10-11,1616.75,1616.75,1616.75,1616.75,1601.365845,0
2013-10-14,1640.0,1640.0,1640.0,1640.0,1624.3946529999998,3156
2013-10-15,1602.0,1602.0,1602.0,1602.0,1586.7563480000001,409
2013-10-16,1595.0,1595.0,1595.0,1595.0,1579.822876,8272
2013-10-17,1623.0,1623.0,1623.0,1623.0,1607.556519,200
2013-10-18,1655.0,1657.199951,1655.0,1657.199951,1641.43103,257
2013-10-21,1657.199951,1657.199951,1657.199951,1657.199951,1641.43103,0
2013-10-22,1688.0,1690.469971,1688.0,1690.469971,1674.384644,3528
2013-10-23,1698.5100100000002,1698.5100100000002,1698.5100100000002,1698.5100100000002,1682.348022,1361
2013-10-24,1691.5,1691.5,1690.619995,1690.619995,1674.533081,932
2013-10-25,1688.0,1688.0,1686.9899899999998,1686.9899899999998,1670.9375,958
2013-10-28,1693.5999760000002,1695.52002,1691.0,1691.0,1674.909546,1031
2013-10-29,1684.469971,1687.119995,1684.469971,1687.119995,1671.0665279999998,2648
2013-10-30,1674.150024,1674.150024,1668.849976,1668.849976,1652.970093,952
2013-10-31,1665.800049,1666.780029,1665.300049,1666.780029,1650.919678,1892
2013-11-01,1650.0,1660.0,1650.0,1658.810059,1643.0258789999998,910
2013-11-04,1654.73999,1656.199951,1651.300049,1656.199951,1640.440552,1061
2013-11-05,1680.0,1688.109985,1680.0,1688.109985,1672.046875,4469
2013-11-06,1694.8299559999998,1694.8299559999998,1694.8299559999998,1694.8299559999998,1678.703125,1235
2013-11-07,1690.180054,1690.180054,1690.180054,1690.180054,1674.09729,65
2013-11-08,1686.199951,1686.199951,1686.199951,1686.199951,1670.155151,135
2013-11-11,1686.199951,1686.199951,1686.199951,1686.199951,1670.155151,0
2013-11-12,1696.1500239999998,1696.1500239999998,1696.1500239999998,1696.1500239999998,1680.0103760000002,20
2013-11-13,1696.1500239999998,1696.1500239999998,1696.1500239999998,1696.1500239999998,1680.0103760000002,0
2013-11-14,1696.1500239999998,1696.1500239999998,1696.1500239999998,1696.1500239999998,1680.0103760000002,0
2013-11-15,1696.1500239999998,1696.1500239999998,1696.1500239999998,1696.1500239999998,1680.0103760000002,0
2013-11-19,1696.1500239999998,1696.1500239999998,1696.1500239999998,1696.1500239999998,1680.0103760000002,0
2013-11-20,1696.1500239999998,1696.1500239999998,1696.1500239999998,1696.1500239999998,1680.0103760000002,0
2013-11-21,1670.0,1686.589966,1670.0,1686.589966,1670.541382,2313
2013-11-22,1686.589966,1686.589966,1686.589966,1686.589966,1670.541382,0
2013-11-25,1684.0,1684.0,1684.0,1684.0,1667.976074,958
2013-11-26,1668.040039,1668.040039,1668.040039,1668.040039,1652.1679689999999,816
2013-11-27,1682.5,1682.5,1674.689941,1674.689941,1658.754517,19119
2013-11-28,1674.689941,1674.689941,1674.689941,1674.689941,1658.754517,0
2013-11-29,1678.949951,1678.949951,1678.949951,1678.949951,1662.9741210000002,605
2013-12-02,1672.5,1672.5,1668.5,1668.5,1652.623413,3920
2013-12-03,1660.0,1660.0,1649.5,1649.5,1633.804199,990
2013-12-04,1649.5,1649.5,1649.5,1649.5,1633.804199,0
2013-12-05,1649.5,1649.5,1649.5,1649.5,1633.804199,0
2013-12-06,1637.0,1637.48999,1637.0,1637.0,1621.422974,4089
2013-12-09,1637.0,1637.0,1637.0,1637.0,1621.422974,0
2013-12-10,1630.0,1630.0,1630.0,1630.0,1614.48999,126
2013-12-11,1619.5,1619.5,1619.5,1619.5,1604.0897220000002,369
2013-12-13,1595.0,1595.0,1595.0,1595.0,1579.822876,47
2013-12-16,1638.0,1638.0,1638.0,1638.0,1622.413696,138
2013-12-17,1638.0,1638.0,1638.0,1638.0,1622.413696,0
2013-12-18,1638.0,1638.0,1638.0,1638.0,1622.413696,0
2013-12-19,1638.0,1638.0,1638.0,1638.0,1622.413696,0
2013-12-20,1659.439941,1662.660034,1659.439941,1659.439941,1643.649536,287
2013-12-23,1674.400024,1674.400024,1674.400024,1674.400024,1658.467529,300
2013-12-26,1674.0,1674.0,1674.0,1674.0,1658.071289,0
2013-12-27,1674.0,1674.0,1674.0,1674.0,1658.071289,0
2013-12-30,1716.0,1716.0,1716.0,1716.0,1699.671387,390
2014-01-02,1700.0,1700.0,1700.0,1700.0,1683.823853,36
2014-01-03,1720.4200440000002,1720.4200440000002,1717.0,1717.0,1700.661743,1512
2014-01-06,1700.0,1701.9000239999998,1700.0,1701.9000239999998,1685.705688,249
2014-01-07,1683.0,1683.0,1683.0,1683.0,1666.985596,25550
2014-01-08,1686.050049,1686.050049,1686.050049,1686.050049,1670.00647,2402
2014-01-09,1688.0,1688.0,1688.0,1688.0,1671.937866,235
2014-01-10,1704.5999760000002,1704.5999760000002,1704.5999760000002,1704.5999760000002,1688.3798829999998,2153
2014-01-13,1704.5999760000002,1704.5999760000002,1704.5999760000002,1704.5999760000002,1688.3798829999998,0
2014-01-14,1735.5999760000002,1735.5999760000002,1732.5,1732.5,1716.014404,1869
2014-01-15,1720.4200440000002,1726.5,1720.4200440000002,1726.5,1710.0717769999999,1661
2014-01-16,1715.0100100000002,1715.0100100000002,1713.0,1713.0,1696.700195,1335
2014-01-17,1688.0,1688.0,1688.0,1688.0,1671.937866,261
2014-01-20,1688.0,1688.0,1688.0,1688.0,1671.937866,0
2014-01-21,1743.790039,1750.0,1743.790039,1750.0,1733.348145,10584
2014-01-22,1769.0,1769.0,1769.0,1769.0,1752.167358,342
2014-01-23,1770.0,1770.0,1762.0,1762.0,1745.233765,503
2014-01-24,1744.540039,1744.540039,1744.540039,1744.540039,1727.940186,8608
2014-01-27,1697.0,1697.0,1697.0,1697.0,1680.852295,640
2014-01-28,1689.369995,1689.369995,1684.5,1684.5,1668.471313,5692
2014-01-29,1695.160034,1702.0,1695.160034,1702.0,1685.80481,4282
2014-01-30,1609.5,1609.920044,1609.5,1609.920044,1594.60083,337
2014-01-31,1604.0,1604.0,1604.0,1604.0,1588.737183,405
2014-02-04,1558.0,1558.0,1558.0,1558.0,1543.174927,353
2014-02-05,1552.5,1552.5,1552.5,1552.5,1537.727295,390
2014-02-06,1552.5,1552.5,1552.5,1552.5,1537.727295,0
2014-02-07,1596.030029,1596.030029,1594.199951,1594.199951,1579.030396,4597
2014-02-10,1594.199951,1594.199951,1594.199951,1594.199951,1579.030396,0
2014-02-11,1628.199951,1628.199951,1628.199951,1628.199951,1612.7070310000001,570
2014-02-12,1635.339966,1639.5,1635.339966,1639.5,1623.899292,5598
2014-02-13,1620.5,1620.5,1620.5,1620.5,1605.080444,295
2014-02-14,1620.5,1620.5,1620.5,1620.5,1605.080444,0
2014-02-17,1620.5,1620.5,1620.5,1620.5,1605.080444,0
2014-02-18,1658.5,1658.5,1656.0,1656.0,1640.242432,4066
2014-02-19,1687.469971,1688.5,1687.469971,1688.5,1672.433105,538
2014-02-20,1688.5,1688.5,1688.5,1688.5,1672.433105,0
2014-02-21,1675.310059,1675.310059,1674.0,1674.0,1658.071289,2092
2014-02-24,1678.780029,1678.780029,1678.780029,1678.780029,1662.805664,2681
2014-02-25,1675.380005,1675.380005,1674.0,1674.0,1658.071289,1267
2014-02-26,1662.920044,1666.0,1662.920044,1666.0,1651.435913,4222
2014-02-27,1670.0,1670.0,1662.0,1662.0,1647.471069,544
2014-02-28,1667.530029,1670.089966,1667.530029,1670.089966,1655.490112,1154
2014-03-03,1643.040039,1643.040039,1643.040039,1643.040039,1628.676636,654
2014-03-04,1662.5,1664.0,1662.5,1662.5,1647.966553,804
2014-03-05,1662.5,1662.5,1662.5,1662.5,1647.966553,0
2014-03-06,1648.0,1648.0,1648.0,1648.0,1633.593384,737
2014-03-07,1631.02002,1636.0,1631.02002,1636.0,1621.698242,79756
2014-03-10,1638.0,1638.0,1638.0,1638.0,1623.680786,308
2014-03-11,1642.0,1642.0,1632.01001,1632.01001,1617.743042,2428
2014-03-12,1601.0,1603.0,1601.0,1603.0,1588.986694,3058
2014-03-13,1606.0,1606.0,1606.0,1606.0,1591.960449,2297
2014-03-14,1606.0,1606.0,1606.0,1606.0,1591.960449,0
2014-03-18,1578.0,1578.0,1578.0,1578.0,1564.2052,2665
2014-03-19,1578.0,1578.0,1578.0,1578.0,1564.2052,0
2014-03-20,1571.599976,1579.0,1570.0,1579.0,1565.196533,3128
2014-03-21,1578.0,1578.0,1577.5,1577.5,1563.709717,1380
2014-03-24,1577.5,1577.5,1577.5,1577.5,1563.709717,0
2014-03-25,1610.900024,1613.0,1610.900024,1613.0,1598.899414,1547
2014-03-26,1613.0,1613.0,1613.0,1613.0,1598.899414,0
2014-03-27,1628.0,1628.199951,1628.0,1628.199951,1613.966431,955
2014-03-28,1633.0,1633.0,1633.0,1633.0,1618.7246089999999,655
2014-03-31,1643.829956,1643.829956,1639.0,1639.0,1624.6721189999998,1725
2014-04-01,1612.5,1612.5,1609.0,1609.0,1594.934326,2375
2014-04-02,1603.5,1603.5,1603.089966,1603.089966,1589.075928,921
2014-04-03,1604.0,1604.0,1604.0,1604.0,1589.978149,239
2014-04-04,1604.0,1604.0,1604.0,1604.0,1589.978149,0
2014-04-07,1605.0,1605.0,1605.0,1605.0,1590.969482,296
2014-04-08,1639.800049,1639.800049,1639.800049,1639.800049,1625.464966,346
2014-04-09,1646.0,1646.0,1646.0,1646.0,1631.610596,265
2014-04-10,1646.0,1646.0,1646.0,1646.0,1631.610596,0
2014-04-11,1634.0,1634.0,1634.0,1634.0,1619.715698,2806
2014-04-14,1634.0,1634.0,1634.0,1634.0,1619.715698,0
2014-04-15,1634.0,1634.0,1634.0,1634.0,1619.715698,0
2014-04-16,1634.0,1634.0,1634.0,1634.0,1619.715698,0
2014-04-21,1634.0,1634.0,1634.0,1634.0,1619.715698,0
2014-04-22,1634.0,1634.0,1634.0,1634.0,1619.715698,0
2014-04-23,1634.0,1634.0,1634.0,1634.0,1619.715698,0
2014-04-24,1634.0,1634.0,1634.0,1634.0,1619.715698,0
2014-04-25,1634.0,1634.0,1634.0,1634.0,1619.715698,0
2014-04-28,1634.0,1634.0,1634.0,1634.0,1619.715698,0
2014-04-29,1634.0,1634.0,1634.0,1634.0,1619.715698,0
2014-04-30,1634.0,1634.0,1634.0,1634.0,1619.715698,0
2014-05-02,1635.0,1635.0,1635.0,1635.0,1620.706909,25
2014-05-05,1635.0,1635.0,1635.0,1635.0,1620.706909,0
2014-05-06,1616.5,1616.5,1616.5,1616.5,1602.3688960000002,55
2014-05-07,1611.410034,1611.410034,1611.410034,1611.410034,1597.323242,620
2014-05-08,1611.410034,1611.410034,1611.410034,1611.410034,1597.323242,0
2014-05-09,1611.410034,1611.410034,1611.410034,1611.410034,1597.323242,0
2014-05-12,1611.410034,1611.410034,1611.410034,1611.410034,1597.323242,0
2014-05-13,1629.0,1629.0,1629.0,1629.0,1614.759399,10
2014-05-14,1627.079956,1628.0,1627.079956,1628.0,1613.768066,1735
2014-05-15,1628.0,1628.0,1628.0,1628.0,1613.768066,0
2014-05-16,1686.0,1686.0,1686.0,1686.0,1671.2613529999999,444
2014-05-19,1686.0,1686.0,1686.0,1686.0,1671.2613529999999,0
2014-05-20,1652.5,1652.5,1652.5,1652.5,1638.053955,546
2014-05-21,1652.5,1652.5,1652.5,1652.5,1638.053955,0
2014-05-22,1652.5,1652.5,1652.5,1652.5,1638.053955,0
2014-05-23,1649.0,1649.0,1649.0,1649.0,1634.584717,462
2014-05-26,1649.0,1649.0,1649.0,1649.0,1634.584717,0
2014-05-27,1646.0,1646.0,1646.0,1646.0,1631.610596,520
2014-05-28,1646.0,1646.0,1646.0,1646.0,1631.610596,0
2014-05-29,1646.0,1646.0,1646.0,1646.0,1631.610596,0
2014-05-30,1646.0,1646.0,1646.0,1646.0,1631.610596,0
2014-06-02,1646.0,1646.0,1646.0,1646.0,1631.610596,0
2014-06-03,1646.0,1646.0,1646.0,1646.0,1631.610596,0
2014-06-04,1660.0,1660.0,1660.0,1660.0,1645.4884029999998,599
2014-06-05,1657.0,1657.0,1657.0,1657.0,1642.514526,671
2014-06-06,1640.0,1640.0,1640.0,1640.0,1625.66333,11156
2014-06-09,1655.0,1655.0,1655.0,1655.0,1640.532104,61
2014-06-10,1655.0,1655.0,1655.0,1655.0,1640.532104,0
2014-06-11,1655.0,1655.0,1655.0,1655.0,1640.532104,0
2014-06-12,1655.0,1655.0,1655.0,1655.0,1640.532104,0
2014-06-13,1655.0,1655.0,1655.0,1655.0,1640.532104,0
2014-06-16,1673.0,1673.0,1673.0,1673.0,1658.3747560000002,847
2014-06-17,1678.640015,1682.0,1678.640015,1682.0,1667.296265,2142
2014-06-18,1682.0,1682.0,1682.0,1682.0,1667.296265,0
2014-06-19,1682.0,1682.0,1682.0,1682.0,1667.296265,0
2014-06-20,1682.0,1682.0,1682.0,1682.0,1667.296265,0
2014-06-23,1682.0,1682.0,1682.0,1682.0,1667.296265,0
2014-06-24,1639.0,1639.0,1639.0,1639.0,1624.6721189999998,871
2014-06-25,1635.5,1635.5,1635.5,1635.5,1621.202515,1577
2014-06-26,1635.5,1635.5,1635.5,1635.5,1621.202515,0
2014-06-27,1635.5,1635.5,1635.5,1635.5,1621.202515,0
2014-06-30,1635.5,1635.5,1635.5,1635.5,1621.202515,0
2014-07-01,1654.0,1654.0,1654.0,1654.0,1639.5410160000001,100
2014-07-02,1654.0,1654.0,1654.0,1654.0,1639.5410160000001,0
2014-07-03,1702.0,1702.0,1702.0,1702.0,1687.121216,2000
2014-07-04,1702.0,1702.0,1702.0,1702.0,1687.121216,0
2014-07-07,1684.0,1684.0,1683.5,1683.5,1668.782837,400
2014-07-08,1673.0,1673.0,1670.0,1670.0,1655.401245,598
2014-07-09,1670.0,1670.0,1670.0,1670.0,1655.401245,0
2014-07-10,1670.0,1670.0,1670.0,1670.0,1655.401245,0
2014-07-11,1670.0,1670.0,1670.0,1670.0,1655.401245,0
2014-07-14,1670.0,1670.0,1670.0,1670.0,1655.401245,0
2014-07-15,1634.949951,1634.949951,1634.949951,1634.949951,1620.657471,1368
2014-07-16,1635.0,1635.0,1635.0,1635.0,1620.706909,15
2014-07-17,1635.0,1635.0,1635.0,1635.0,1620.706909,0
2014-07-18,1603.0,1603.0,1603.0,1603.0,1588.986694,200
2014-07-21,1610.0,1610.0,1610.0,1610.0,1595.9255369999998,300
2014-07-22,1610.0,1610.0,1608.0,1608.0,1593.9428710000002,615
2014-07-23,1608.0,1608.0,1608.0,1608.0,1593.9428710000002,0
2014-07-24,1608.0,1608.0,1608.0,1608.0,1593.9428710000002,0
2014-07-25,1608.0,1608.0,1608.0,1608.0,1593.9428710000002,0
2014-07-28,1608.0,1608.0,1608.0,1608.0,1593.9428710000002,0
2014-07-29,1608.0,1608.0,1608.0,1608.0,1593.9428710000002,0
2014-07-30,1608.0,1608.0,1608.0,1608.0,1593.9428710000002,0
2014-07-31,1608.0,1608.0,1608.0,1608.0,1593.9428710000002,0
2014-08-01,1608.0,1608.0,1608.0,1608.0,1593.9428710000002,0
2014-08-04,1608.0,1608.0,1608.0,1608.0,1593.9428710000002,0
2014-08-05,1608.0,1608.0,1608.0,1608.0,1593.9428710000002,0
2014-08-06,1608.0,1608.0,1608.0,1608.0,1593.9428710000002,0
2014-08-07,1565.0,1565.0,1565.0,1565.0,1551.3188480000001,130
2014-08-08,1554.959961,1554.959961,1554.959961,1554.959961,1541.366455,130
2014-08-11,1554.959961,1554.959961,1554.959961,1554.959961,1541.366455,0
2014-08-12,1554.959961,1554.959961,1554.959961,1554.959961,1541.366455,0
2014-08-13,1554.959961,1554.959961,1554.959961,1554.959961,1543.509033,0
2014-08-14,1540.0,1540.0,1540.0,1540.0,1528.658936,6001
2014-08-15,1554.199951,1554.199951,1554.199951,1554.199951,1542.7542720000001,1125
2014-08-18,1554.199951,1554.199951,1554.199951,1554.199951,1542.7542720000001,0
2014-08-19,1562.5,1562.5,1562.5,1562.5,1550.993408,640
2014-08-20,1562.5,1562.5,1562.5,1562.5,1550.993408,0
2014-08-21,1561.98999,1564.599976,1559.050049,1564.599976,1553.0778810000002,7955
2014-08-22,1558.5,1558.699951,1558.5,1558.699951,1547.221069,940
2014-08-25,1555.0,1555.0,1555.0,1555.0,1543.548462,560
2014-08-26,1562.800049,1563.0,1560.0,1560.0,1548.5117189999999,2220
2014-08-27,1555.329956,1555.329956,1555.329956,1555.329956,1543.876099,555
2014-08-28,1573.0,1573.0,1573.0,1573.0,1561.416138,1335
2014-08-29,1573.0,1573.0,1573.0,1573.0,1561.416138,0
2014-09-01,1573.0,1573.0,1573.0,1573.0,1561.416138,0
2014-09-02,1574.599976,1574.599976,1574.599976,1574.599976,1563.0040279999998,2740
2014-09-03,1579.800049,1579.800049,1579.300049,1579.300049,1567.669922,2770
2014-09-04,1590.939941,1594.5,1590.939941,1594.5,1582.757568,3590
2014-09-05,1577.5,1577.5,1577.5,1577.5,1565.8829349999999,705
2014-09-08,1560.900024,1560.900024,1560.900024,1560.900024,1549.405029,849
2014-09-09,1582.300049,1582.300049,1582.300049,1582.300049,1570.647461,1311
2014-09-10,1590.0,1590.0,1590.0,1590.0,1578.2910160000001,1000
2014-09-11,1590.0,1590.0,1590.0,1590.0,1578.2910160000001,0
2014-09-12,1590.0,1590.0,1590.0,1590.0,1578.2910160000001,0
2014-09-15,1590.0,1590.0,1590.0,1590.0,1578.2910160000001,0
2014-09-17,1590.0,1590.0,1590.0,1590.0,1578.2910160000001,0
2014-09-18,1604.829956,1604.829956,1604.829956,1604.829956,1593.0115970000002,300
2014-09-19,1604.829956,1604.829956,1604.829956,1604.829956,1595.0625,0
2014-09-22,1604.829956,1604.829956,1604.829956,1604.829956,1595.0625,0
2014-09-23,1550.98999,1550.98999,1550.98999,1550.98999,1541.549927,1132
2014-09-24,1550.98999,1550.98999,1550.98999,1550.98999,1541.549927,0
2014-09-25,1550.98999,1550.98999,1550.98999,1550.98999,1541.549927,0
2014-09-26,1550.98999,1550.98999,1550.98999,1550.98999,1541.549927,0
2014-09-29,1550.98999,1550.98999,1550.98999,1550.98999,1541.549927,0
2014-09-30,1550.98999,1550.98999,1550.98999,1550.98999,1541.549927,0
2014-10-01,1550.98999,1550.98999,1550.98999,1550.98999,1541.549927,0
2014-10-02,1550.98999,1550.98999,1550.98999,1550.98999,1541.549927,0
2014-10-03,1510.900024,1511.0,1505.800049,1505.800049,1496.6352539999998,2710
2014-10-06,1505.800049,1505.800049,1505.800049,1505.800049,1496.6352539999998,0
2014-10-07,1505.800049,1505.800049,1505.800049,1505.800049,1496.6352539999998,0
2014-10-08,1505.800049,1505.800049,1505.800049,1505.800049,1496.6352539999998,0
2014-10-09,1505.800049,1505.800049,1505.800049,1505.800049,1496.6352539999998,0
2014-10-10,1505.800049,1505.800049,1505.800049,1505.800049,1496.6352539999998,0
2014-10-13,1494.849976,1494.849976,1494.849976,1494.849976,1485.751831,199
2014-10-14,1477.5,1477.5,1477.5,1477.5,1468.507446,300
2014-10-15,1489.0,1489.0,1475.0,1475.0,1466.022583,1094
2014-10-16,1475.0,1475.0,1475.0,1475.0,1466.022583,0
2014-10-17,1507.699951,1526.0,1507.699951,1526.0,1516.712158,8650
2014-10-20,1526.0,1526.0,1526.0,1526.0,1516.712158,0
2014-10-21,1532.819946,1532.819946,1532.199951,1532.52002,1523.192749,25566
2014-10-22,1532.52002,1532.52002,1532.52002,1532.52002,1523.192749,0
2014-10-23,1532.52002,1532.52002,1532.52002,1532.52002,1523.192749,0
2014-10-24,1532.52002,1532.52002,1532.52002,1532.52002,1523.192749,0
2014-10-27,1532.52002,1532.52002,1532.52002,1532.52002,1523.192749,0
2014-10-28,1559.5,1561.930054,1559.5,1561.930054,1552.423706,5195
2014-10-29,1561.930054,1561.930054,1561.930054,1561.930054,1552.423706,0
2014-10-30,1559.410034,1559.410034,1559.410034,1559.410034,1549.918823,165
2014-10-31,1559.410034,1559.410034,1559.410034,1559.410034,1549.918823,0
2014-11-03,1559.410034,1559.410034,1559.410034,1559.410034,1549.918823,0
2014-11-04,1580.25,1580.25,1580.25,1580.25,1570.631958,199
2014-11-05,1574.400024,1574.400024,1574.400024,1574.400024,1564.8178710000002,180
2014-11-06,1574.400024,1574.400024,1574.400024,1574.400024,1564.8178710000002,0
2014-11-07,1572.0,1572.0,1572.0,1572.0,1562.432495,1000
2014-11-10,1572.0,1572.0,1572.0,1572.0,1562.432495,0
2014-11-11,1572.0,1572.0,1572.0,1572.0,1562.432495,0
2014-11-12,1572.0,1572.0,1572.0,1572.0,1562.432495,0
2014-11-13,1572.0,1572.0,1572.0,1572.0,1562.432495,0
2014-11-14,1591.829956,1591.829956,1591.829956,1591.829956,1582.141724,327
2014-11-18,1591.829956,1591.829956,1591.829956,1591.829956,1582.141724,0
2014-11-19,1591.829956,1591.829956,1591.829956,1591.829956,1582.141724,0
2014-11-20,1591.829956,1591.829956,1591.829956,1591.829956,1582.141724,0
2014-11-21,1591.829956,1591.829956,1591.829956,1591.829956,1582.141724,0
2014-11-24,1644.0,1644.0,1644.0,1644.0,1633.9941410000001,300
2014-11-25,1644.0,1644.0,1644.0,1644.0,1633.9941410000001,0
2014-11-26,1649.0,1649.0,1649.0,1649.0,1638.963745,5950
2014-11-27,1649.0,1649.0,1649.0,1649.0,1638.963745,0
2014-11-28,1649.0,1649.0,1649.0,1649.0,1638.963745,0
2014-12-01,1649.0,1649.0,1649.0,1649.0,1638.963745,0
2014-12-02,1731.0,1738.630005,1731.0,1738.630005,1728.048096,1735
2014-12-03,1738.630005,1738.630005,1738.630005,1738.630005,1728.048096,0
2014-12-04,1738.630005,1738.630005,1738.630005,1738.630005,1728.048096,0
2014-12-05,1738.630005,1738.630005,1738.630005,1738.630005,1728.048096,0
2014-12-08,1753.5,1753.5,1753.5,1753.5,1742.827637,100
2014-12-09,1753.5,1753.5,1753.5,1753.5,1742.827637,0
2014-12-10,1736.800049,1736.800049,1736.369995,1736.369995,1725.8021239999998,2700
2014-12-11,1736.369995,1736.369995,1736.369995,1736.369995,1725.8021239999998,0
2014-12-15,1736.369995,1736.369995,1736.369995,1736.369995,1725.8021239999998,0
2014-12-16,1736.369995,1736.369995,1736.369995,1736.369995,1725.8021239999998,0
2014-12-17,1736.369995,1736.369995,1736.369995,1736.369995,1725.8021239999998,0
2014-12-18,1736.369995,1736.369995,1736.369995,1736.369995,1725.8021239999998,0
2014-12-19,1673.160034,1673.160034,1673.160034,1673.160034,1662.9766849999999,1047
2014-12-22,1673.160034,1673.160034,1673.160034,1673.160034,1662.9766849999999,0
2014-12-23,1673.160034,1673.160034,1673.160034,1673.160034,1662.9766849999999,0
2014-12-24,1673.160034,1673.160034,1673.160034,1673.160034,1662.9766849999999,0
2014-12-26,1730.0,1740.0,1730.0,1740.0,1729.409912,240
2014-12-29,1740.0,1740.0,1740.0,1740.0,1729.409912,0
2014-12-30,1740.0,1740.0,1740.0,1740.0,1729.409912,0
2014-12-31,1740.0,1740.0,1740.0,1740.0,1729.409912,0
2015-01-02,1740.0,1740.0,1740.0,1740.0,1729.409912,0
2015-01-05,1740.0,1740.0,1740.0,1740.0,1729.409912,0
2015-01-06,1740.0,1740.0,1740.0,1740.0,1729.409912,0
2015-01-07,1740.0,1740.0,1740.0,1740.0,1729.409912,0
2015-01-08,1740.0,1740.0,1740.0,1740.0,1729.409912,0
2015-01-09,1617.900024,1617.900024,1617.900024,1617.900024,1608.053101,200
2015-01-12,1617.900024,1617.900024,1617.900024,1617.900024,1608.053101,0
2015-01-13,1617.900024,1617.900024,1617.900024,1617.900024,1608.053101,0
2015-01-14,1620.0,1620.0,1620.0,1620.0,1610.1401369999999,200
2015-01-15,1667.0,1667.0,1667.0,1667.0,1656.854126,67
2015-01-16,1667.0,1667.0,1667.0,1667.0,1656.854126,0
2015-01-19,1667.0,1667.0,1667.0,1667.0,1656.854126,0
2015-01-20,1700.0,1700.0,1700.0,1700.0,1689.653564,80
2015-01-21,1700.0,1700.0,1700.0,1700.0,1689.653564,0
2015-01-22,1700.0,1700.0,1700.0,1700.0,1689.653564,0
2015-01-23,1700.0,1700.0,1700.0,1700.0,1689.653564,0
2015-01-26,1700.0,1700.0,1700.0,1700.0,1689.653564,0
2015-01-27,1700.0,1700.0,1700.0,1700.0,1689.653564,0
2015-01-28,1700.0,1700.0,1700.0,1700.0,1689.653564,0
2015-01-29,1700.0,1700.0,1700.0,1700.0,1689.653564,0
2015-01-30,1700.0,1700.0,1700.0,1700.0,1689.653564,0
2015-02-03,1696.560059,1723.3299559999998,1696.560059,1723.3299559999998,1712.841309,970
2015-02-04,1723.3299559999998,1723.3299559999998,1723.3299559999998,1723.3299559999998,1712.841309,0
2015-02-05,1733.5999760000002,1733.5999760000002,1733.5999760000002,1733.5999760000002,1723.0487059999998,290
2015-02-06,1733.5999760000002,1733.5999760000002,1733.5999760000002,1733.5999760000002,1723.0487059999998,0
2015-02-09,1733.5999760000002,1733.5999760000002,1733.5999760000002,1733.5999760000002,1723.0487059999998,0
2015-02-10,1726.800049,1728.0,1726.800049,1728.0,1717.4827879999998,4030
2015-02-11,1739.709961,1745.0,1739.709961,1745.0,1734.379395,1351
2015-02-12,1745.0,1745.0,1745.0,1745.0,1734.379395,0
2015-02-13,1689.5,1693.4000239999998,1689.5,1693.4000239999998,1683.093384,790
2015-02-16,1693.4000239999998,1693.4000239999998,1693.4000239999998,1693.4000239999998,1683.093384,0
2015-02-17,1730.0,1730.0,1730.0,1730.0,1719.470459,360
2015-02-18,1715.0,1715.0,1715.0,1715.0,1704.56189,800
2015-02-19,1735.52002,1744.0,1735.52002,1744.0,1733.38562,3502
2015-02-20,1744.0,1744.0,1744.0,1744.0,1733.38562,0
2015-02-23,1744.0,1744.0,1744.0,1744.0,1733.38562,0
2015-02-24,1778.050049,1778.050049,1778.050049,1778.050049,1767.2282710000002,17703
2015-02-25,1752.780029,1760.699951,1752.780029,1760.699951,1751.241455,2355
2015-02-26,1760.699951,1760.699951,1760.699951,1760.699951,1751.241455,0
2015-02-27,1760.699951,1760.699951,1760.699951,1760.699951,1751.241455,0
2015-03-02,1760.699951,1760.699951,1760.699951,1760.699951,1751.241455,0
2015-03-03,1760.699951,1760.699951,1760.699951,1760.699951,1751.241455,0
2015-03-04,1760.699951,1760.699951,1760.699951,1760.699951,1751.241455,0
2015-03-05,1794.810059,1794.810059,1794.810059,1794.810059,1785.168457,4000
2015-03-06,1795.300049,1795.300049,1795.300049,1795.300049,1785.655884,700
2015-03-09,1786.969971,1786.969971,1786.969971,1786.969971,1777.370605,525
2015-03-10,1786.969971,1786.969971,1786.969971,1786.969971,1777.370605,0
2015-03-11,1708.810059,1708.810059,1708.810059,1708.810059,1699.630493,45
2015-03-12,1708.810059,1708.810059,1708.810059,1708.810059,1699.630493,0
2015-03-13,1702.390015,1702.390015,1702.390015,1702.390015,1693.2446289999998,755
2015-03-17,1734.199951,1734.199951,1734.199951,1734.199951,1724.883911,840
2015-03-18,1734.199951,1734.199951,1734.199951,1734.199951,1724.883911,0
2015-03-19,1751.5,1752.0,1744.72998,1744.72998,1735.3574219999998,8892
2015-03-20,1744.72998,1744.72998,1744.72998,1744.72998,1735.3574219999998,0
2015-03-23,1728.4000239999998,1728.4000239999998,1728.4000239999998,1728.4000239999998,1719.1152339999999,765
2015-03-24,1715.3299559999998,1715.3299559999998,1711.430054,1711.449951,1702.25647,2110
2015-03-25,1721.469971,1721.469971,1700.0,1700.0,1690.867554,210
2015-03-26,1704.9000239999998,1704.9000239999998,1704.9000239999998,1704.9000239999998,1695.7413329999997,334
2015-03-27,1704.9000239999998,1704.9000239999998,1704.9000239999998,1704.9000239999998,1695.7413329999997,0
2015-03-30,1704.9000239999998,1704.9000239999998,1704.9000239999998,1704.9000239999998,1695.7413329999997,0
2015-03-31,1704.9000239999998,1704.9000239999998,1704.9000239999998,1704.9000239999998,1695.7413329999997,0
2015-04-01,1704.9000239999998,1704.9000239999998,1704.9000239999998,1704.9000239999998,1695.7413329999997,0
2015-04-06,1704.9000239999998,1704.9000239999998,1704.9000239999998,1704.9000239999998,1695.7413329999997,0
2015-04-07,1709.5,1709.5,1709.5,1709.5,1700.31665,635
2015-04-08,1709.5,1709.5,1709.5,1709.5,1700.31665,0
2015-04-09,1709.5,1709.5,1709.5,1709.5,1700.31665,0
2015-04-10,1730.97998,1730.97998,1730.97998,1730.97998,1721.6812739999998,310
2015-04-13,1745.109985,1745.109985,1745.109985,1745.109985,1735.735352,2325
2015-04-14,1741.6500239999998,1741.6500239999998,1741.6500239999998,1741.6500239999998,1732.2940670000003,10900
2015-04-15,1784.27002,1784.27002,1784.27002,1784.27002,1774.685059,1440
2015-04-16,1724.290039,1724.290039,1720.390015,1720.390015,1711.148193,2725
2015-04-17,1720.390015,1720.390015,1720.390015,1720.390015,1711.148193,0
2015-04-20,1720.390015,1720.390015,1720.390015,1720.390015,1711.148193,0
2015-04-21,1723.5,1733.0,1721.130005,1733.0,1723.6903079999997,5028
2015-04-22,1734.380005,1734.380005,1734.380005,1734.380005,1725.062988,780
2015-04-23,1724.800049,1728.0,1724.800049,1728.0,1718.7172850000002,919
2015-04-24,1743.0,1743.0,1743.0,1743.0,1733.636841,750
2015-04-27,1741.199951,1741.199951,1741.199951,1741.199951,1731.846313,5843
2015-04-28,1723.5999760000002,1724.130005,1723.5999760000002,1724.130005,1714.867798,7560
2015-04-29,1701.5,1701.5,1699.5,1699.5,1690.370483,3970
2015-04-30,1699.5,1699.5,1699.5,1699.5,1690.370483,0
2015-05-04,1699.5,1699.5,1699.5,1699.5,1690.370483,0
2015-05-05,1684.72998,1684.72998,1684.72998,1684.72998,1675.6796880000002,6973
2015-05-06,1677.8299559999998,1677.8299559999998,1677.8299559999998,1677.8299559999998,1668.81665,168
2015-05-07,1662.900024,1662.900024,1662.900024,1662.900024,1653.966919,200
2015-05-08,1662.900024,1662.900024,1662.900024,1662.900024,1653.966919,0
2015-05-11,1664.0,1708.0,1664.0,1708.0,1698.824585,1608
2015-05-12,1708.0,1708.0,1708.0,1708.0,1698.824585,0
2015-05-13,1687.199951,1687.199951,1687.199951,1687.199951,1678.136353,1535
2015-05-14,1687.199951,1687.199951,1687.199951,1687.199951,1678.136353,0
2015-05-15,1687.199951,1687.199951,1687.199951,1687.199951,1678.136353,0
2015-05-18,1687.199951,1687.199951,1687.199951,1687.199951,1678.136353,0
2015-05-19,1706.9000239999998,1709.949951,1706.9000239999998,1709.1500239999998,1699.968384,598
2015-05-20,1709.1500239999998,1709.1500239999998,1709.1500239999998,1709.1500239999998,1699.968384,0
2015-05-21,1709.1500239999998,1709.1500239999998,1709.1500239999998,1709.1500239999998,1699.968384,0
2015-05-22,1709.1500239999998,1709.1500239999998,1709.1500239999998,1709.1500239999998,1699.968384,0
2015-05-25,1709.1500239999998,1709.1500239999998,1709.1500239999998,1709.1500239999998,1699.968384,0
2015-05-26,1717.060059,1717.060059,1702.0,1703.280029,1694.130005,4350
2015-05-27,1703.280029,1703.280029,1703.280029,1703.280029,1694.130005,0
2015-05-28,1727.75,1727.75,1727.75,1727.75,1718.468628,800
2015-05-29,1728.0,1728.0,1728.0,1728.0,1718.7172850000002,108
2015-06-01,1720.0,1720.0,1720.0,1720.0,1710.7602539999998,150
2015-06-02,1720.0,1720.0,1720.0,1720.0,1710.7602539999998,0
2015-06-03,1711.069946,1715.689941,1711.069946,1715.689941,1706.473267,4346
2015-06-04,1715.689941,1715.689941,1715.689941,1715.689941,1706.473267,0
2015-06-05,1687.7600100000002,1838.5799559999998,1687.699951,1838.5799559999998,1828.703369,2733
2015-06-08,1800.380005,1800.380005,1800.380005,1800.380005,1790.7084960000002,1000
2015-06-09,1800.380005,1800.380005,1800.380005,1800.380005,1790.7084960000002,0
2015-06-10,1800.380005,1800.380005,1800.380005,1800.380005,1790.7084960000002,0
2015-06-11,1800.380005,1800.380005,1800.380005,1800.380005,1790.7084960000002,0
2015-06-12,1824.0,1824.0,1821.0,1821.0,1811.217529,865
2015-06-15,1821.0,1821.0,1821.0,1821.0,1811.217529,0
2015-06-16,1821.0,1821.0,1821.0,1821.0,1811.217529,0
2015-06-17,1811.3299559999998,1811.3299559999998,1811.3299559999998,1811.3299559999998,1801.5996089999999,200
2015-06-18,1836.439941,1846.0,1836.439941,1838.75,1828.872437,440
2015-06-19,1834.9200440000002,1834.9200440000002,1834.9200440000002,1834.9200440000002,1825.062866,550
2015-06-22,1846.0,1846.0,1846.0,1846.0,1836.083252,545
2015-06-23,1870.5,1878.0,1870.5,1878.0,1867.9116210000002,528
2015-06-24,1878.0,1878.0,1878.0,1878.0,1867.9116210000002,0
2015-06-25,1869.719971,1869.719971,1869.719971,1869.719971,1859.676025,1140
2015-06-26,1869.719971,1869.719971,1869.719971,1869.719971,1859.676025,0
2015-06-29,1869.719971,1869.719971,1869.719971,1869.719971,1859.676025,0
2015-06-30,1869.719971,1869.719971,1869.719971,1869.719971,1859.676025,0
2015-07-01,1869.719971,1869.719971,1869.719971,1869.719971,1859.676025,0
2015-07-02,1869.719971,1869.719971,1869.719971,1869.719971,1859.676025,0
2015-07-03,1869.719971,1869.719971,1869.719971,1869.719971,1859.676025,0
2015-07-06,1869.719971,1869.719971,1869.719971,1869.719971,1859.676025,0
2015-07-07,1869.699951,1869.699951,1869.699951,1869.699951,1859.656128,43
2015-07-08,1869.699951,1869.699951,1869.699951,1869.699951,1859.656128,0
2015-07-09,1869.699951,1869.699951,1869.699951,1869.699951,1859.656128,0
2015-07-10,1869.699951,1869.699951,1869.699951,1869.699951,1859.656128,0
2015-07-13,1869.699951,1869.699951,1869.699951,1869.699951,1859.656128,0
2015-07-14,1869.699951,1869.699951,1869.699951,1869.699951,1859.656128,0
2015-07-15,1869.699951,1869.699951,1869.699951,1869.699951,1859.656128,0
2015-07-16,1869.699951,1869.699951,1869.699951,1869.699951,1859.656128,0
2015-07-17,1924.819946,1924.819946,1924.819946,1924.819946,1914.479858,680
2015-07-20,1923.959961,1923.959961,1923.959961,1923.959961,1913.624634,480
2015-07-21,1912.4000239999998,1912.4000239999998,1912.4000239999998,1912.4000239999998,1902.126709,1650
2015-07-22,1928.0999760000002,1928.0999760000002,1928.0999760000002,1928.0999760000002,1917.74231,2125
2015-07-23,1928.0999760000002,1928.0999760000002,1928.0999760000002,1928.0999760000002,1917.74231,0
2015-07-24,1928.0999760000002,1928.0999760000002,1928.0999760000002,1928.0999760000002,1917.74231,0
2015-07-27,1834.0,1834.0,1834.0,1834.0,1824.147949,390
2015-07-28,1840.5,1840.5,1840.5,1840.5,1830.613037,400
2015-07-29,1867.380005,1867.380005,1867.380005,1867.380005,1857.348511,500
2015-07-30,1867.380005,1867.380005,1867.380005,1867.380005,1857.348511,0
2015-07-31,1804.459961,1804.459961,1804.459961,1804.459961,1794.766357,1900
2015-08-03,1813.0,1813.0,1806.839966,1806.839966,1797.133911,522
2015-08-04,1806.839966,1806.839966,1806.839966,1806.839966,1797.133911,0
2015-08-05,1848.560059,1870.5999760000002,1848.560059,1870.5999760000002,1860.551147,14935
2015-08-06,1862.109985,1862.109985,1862.109985,1862.109985,1852.106689,600
2015-08-07,1862.109985,1862.109985,1862.109985,1862.109985,1852.106689,0
2015-08-10,1835.699951,1835.699951,1835.699951,1835.699951,1825.838623,345
2015-08-11,1843.8499760000002,1843.8499760000002,1843.8499760000002,1843.8499760000002,1833.944946,1700
2015-08-12,1843.8499760000002,1843.8499760000002,1843.8499760000002,1843.8499760000002,1836.0728760000002,0
2015-08-13,1802.5,1802.5,1802.5,1802.5,1794.897339,945
2015-08-14,1802.5,1802.5,1802.5,1802.5,1794.897339,0
2015-08-17,1802.5,1802.5,1802.5,1802.5,1794.897339,0
2015-08-18,1802.5,1802.5,1802.5,1802.5,1794.897339,0
2015-08-19,1819.199951,1819.199951,1819.199951,1819.199951,1811.526855,5760
2015-08-20,1819.199951,1819.199951,1819.199951,1819.199951,1811.526855,0
2015-08-21,1819.199951,1819.199951,1819.199951,1819.199951,1811.526855,0
2015-08-24,1775.810059,1775.810059,1775.810059,1775.810059,1768.320068,400
2015-08-25,1792.9899899999998,1792.9899899999998,1782.0999760000002,1782.0999760000002,1774.583252,4350
2015-08-26,1782.0999760000002,1782.0999760000002,1782.0999760000002,1782.0999760000002,1774.583252,0
2015-08-27,1778.189941,1778.189941,1778.189941,1778.189941,1770.689941,302
2015-08-28,1773.369995,1790.0,1773.369995,1788.959961,1781.414429,1195
2015-08-31,1788.959961,1788.959961,1788.959961,1788.959961,1781.414429,0
2015-09-01,1788.959961,1788.959961,1788.959961,1788.959961,1781.414429,0
2015-09-02,1788.959961,1788.959961,1788.959961,1788.959961,1781.414429,0
2015-09-03,1765.0,1765.0,1765.0,1765.0,1757.5555420000003,400
2015-09-04,1765.0,1765.0,1765.0,1765.0,1757.5555420000003,0
2015-09-07,1765.0,1765.0,1765.0,1765.0,1757.5555420000003,0
2015-09-08,1772.660034,1772.660034,1772.660034,1772.660034,1765.183472,7975
2015-09-09,1772.660034,1772.660034,1772.660034,1772.660034,1765.183472,0
2015-09-10,1772.660034,1772.660034,1772.660034,1772.660034,1765.183472,0
2015-09-11,1772.660034,1772.660034,1772.660034,1772.660034,1765.183472,0
2015-09-14,1772.660034,1772.660034,1772.660034,1772.660034,1765.183472,0
2015-09-15,1772.660034,1772.660034,1772.660034,1772.660034,1765.183472,0
2015-09-17,1818.0,1818.0,1818.0,1818.0,1810.331909,400
2015-09-18,1824.7600100000002,1824.7600100000002,1824.7600100000002,1824.7600100000002,1817.063477,934
2015-09-21,1824.7600100000002,1824.7600100000002,1824.7600100000002,1824.7600100000002,1817.063477,0
2015-09-22,1824.7600100000002,1824.7600100000002,1824.7600100000002,1824.7600100000002,1817.063477,0
2015-09-23,1824.7600100000002,1824.7600100000002,1824.7600100000002,1824.7600100000002,1817.063477,0
2015-09-24,1824.7600100000002,1824.7600100000002,1824.7600100000002,1824.7600100000002,1817.063477,0
2015-09-25,1813.160034,1813.160034,1813.160034,1813.160034,1805.512451,743
2015-09-28,1813.160034,1813.160034,1813.160034,1813.160034,1805.512451,0
2015-09-29,1813.160034,1813.160034,1813.160034,1813.160034,1805.512451,0
2015-09-30,1813.160034,1813.160034,1813.160034,1813.160034,1805.512451,0
2015-10-01,1806.180054,1808.2600100000002,1806.180054,1808.2600100000002,1800.633179,890
2015-10-02,1808.2600100000002,1808.2600100000002,1808.2600100000002,1808.2600100000002,1800.633179,0
2015-10-05,1808.2600100000002,1808.2600100000002,1808.2600100000002,1808.2600100000002,1800.633179,0
2015-10-06,1842.199951,1842.199951,1841.959961,1841.959961,1834.19104,2210
2015-10-07,1841.959961,1841.959961,1841.959961,1841.959961,1834.19104,0
2015-10-08,1841.959961,1841.959961,1841.959961,1841.959961,1834.19104,0
2015-10-09,1837.2600100000002,1837.2600100000002,1837.2600100000002,1837.2600100000002,1829.5107420000002,435
2015-10-12,1837.2600100000002,1837.2600100000002,1837.2600100000002,1837.2600100000002,1829.5107420000002,0
2015-10-13,1837.2600100000002,1837.2600100000002,1837.2600100000002,1837.2600100000002,1829.5107420000002,0
2015-10-14,1837.2600100000002,1837.2600100000002,1837.2600100000002,1837.2600100000002,1829.5107420000002,0
2015-10-15,1858.430054,1858.430054,1858.430054,1858.430054,1850.5915530000002,700
2015-10-16,1858.430054,1858.430054,1858.430054,1858.430054,1850.5915530000002,0
2015-10-19,1858.430054,1858.430054,1858.430054,1858.430054,1850.5915530000002,0
2015-10-20,1858.430054,1858.430054,1858.430054,1858.430054,1850.5915530000002,0
2015-10-21,1900.75,1900.75,1900.75,1900.75,1892.733154,420
2015-10-22,1896.189941,1896.189941,1896.189941,1896.189941,1888.192261,1280
2015-10-23,1896.189941,1896.189941,1896.189941,1896.189941,1888.192261,0
2015-10-26,1896.189941,1896.189941,1896.189941,1896.189941,1888.192261,0
2015-10-27,1887.5999760000002,1887.5999760000002,1887.5999760000002,1887.5999760000002,1879.6384280000002,460
2015-10-28,1887.5999760000002,1887.5999760000002,1887.5999760000002,1887.5999760000002,1879.6384280000002,0
2015-10-29,1923.0,1923.0,1923.0,1923.0,1914.8891600000002,300
2015-10-30,1923.0,1923.0,1923.0,1923.0,1914.8891600000002,0
2015-11-03,1923.0,1923.0,1923.0,1923.0,1914.8891600000002,0
2015-11-04,1919.140015,1919.140015,1919.140015,1919.140015,1911.045654,300
2015-11-05,1919.140015,1919.140015,1919.140015,1919.140015,1911.045654,0
2015-11-06,1919.140015,1919.140015,1919.140015,1919.140015,1911.045654,0
2015-11-09,1919.140015,1919.140015,1919.140015,1919.140015,1911.045654,0
2015-11-10,1919.140015,1919.140015,1919.140015,1919.140015,1911.045654,0
2015-11-11,1919.140015,1919.140015,1919.140015,1919.140015,1911.045654,0
2015-11-12,1919.140015,1919.140015,1919.140015,1919.140015,1911.045654,0
2015-11-13,1882.0,1882.0,1882.0,1882.0,1874.062012,1130
2015-11-17,1882.0,1882.0,1882.0,1882.0,1874.062012,0
2015-11-18,1882.0,1882.0,1882.0,1882.0,1874.062012,0
2015-11-19,1882.0,1882.0,1882.0,1882.0,1874.062012,0
2015-11-20,1933.319946,1934.0999760000002,1933.02002,1933.199951,1925.046265,2912
2015-11-23,1920.949951,1920.949951,1920.949951,1920.949951,1912.8479,520
2015-11-24,1935.0,1935.0,1853.0,1901.0100100000002,1892.991821,354
2015-11-25,1901.0100100000002,1901.0100100000002,1901.0100100000002,1901.0100100000002,1892.991821,0
2015-11-26,1901.0100100000002,1901.0100100000002,1901.0100100000002,1901.0100100000002,1892.991821,0
2015-11-27,1918.780029,1918.780029,1918.780029,1918.780029,1910.686768,770
2015-11-30,1904.7600100000002,1904.7600100000002,1904.7600100000002,1904.7600100000002,1896.726074,399
2015-12-01,1902.160034,1907.469971,1902.160034,1907.469971,1899.424561,2078
2015-12-02,1924.800049,1924.800049,1924.800049,1924.800049,1916.6815190000002,775
2015-12-03,1924.800049,1924.800049,1924.800049,1924.800049,1916.6815190000002,0
2015-12-04,1906.530029,1911.0,1906.530029,1911.0,1902.9398190000002,1390
2015-12-07,1930.619995,1930.619995,1930.619995,1930.619995,1922.476929,410
2015-12-08,1930.619995,1930.619995,1930.619995,1930.619995,1922.476929,0
2015-12-09,1930.619995,1930.619995,1930.619995,1930.619995,1922.476929,0
2015-12-10,1930.619995,1930.619995,1930.619995,1930.619995,1922.476929,0
2015-12-11,1930.619995,1930.619995,1930.619995,1930.619995,1922.476929,0
2015-12-14,1922.109985,1922.109985,1922.109985,1922.109985,1914.0028079999997,900
2015-12-15,1885.7600100000002,1885.7600100000002,1885.7600100000002,1885.7600100000002,1877.8061519999999,1800
2015-12-16,1886.1700440000002,1886.1700440000002,1886.1700440000002,1886.1700440000002,1878.214478,592
2015-12-17,1876.839966,1876.839966,1868.5,1868.5,1860.6190190000002,730
2015-12-18,1832.119995,1832.119995,1829.0,1829.0,1821.285645,930
2015-12-21,1829.0,1829.0,1829.0,1829.0,1821.285645,0
2015-12-22,1831.189941,1870.0,1831.189941,1870.0,1862.112793,101
2015-12-23,1889.9899899999998,1889.9899899999998,1889.9899899999998,1889.9899899999998,1882.0184329999997,1669
2015-12-24,1889.9899899999998,1889.9899899999998,1889.9899899999998,1889.9899899999998,1882.0184329999997,0
2015-12-28,1889.9899899999998,1889.9899899999998,1889.9899899999998,1889.9899899999998,1882.0184329999997,0
2015-12-29,1889.9899899999998,1889.9899899999998,1889.9899899999998,1889.9899899999998,1882.0184329999997,0
2015-12-30,1889.9899899999998,1889.9899899999998,1889.9899899999998,1889.9899899999998,1882.0184329999997,0
2015-12-31,1889.9899899999998,1889.9899899999998,1889.9899899999998,1889.9899899999998,1882.0184329999997,0
2016-01-04,1889.9899899999998,1889.9899899999998,1889.9899899999998,1889.9899899999998,1882.0184329999997,0
2016-01-05,1889.9899899999998,1889.9899899999998,1889.9899899999998,1889.9899899999998,1882.0184329999997,0
2016-01-06,1889.9899899999998,1889.9899899999998,1889.9899899999998,1889.9899899999998,1882.0184329999997,0
2016-01-07,1862.540039,1862.540039,1862.540039,1862.540039,1854.684204,1975
2016-01-08,1862.540039,1862.540039,1862.540039,1862.540039,1854.684204,0
2016-01-11,1888.530029,1888.530029,1888.530029,1888.530029,1880.5646969999998,2900
2016-01-12,1888.530029,1888.530029,1888.530029,1888.530029,1880.5646969999998,0
2016-01-13,1888.530029,1888.530029,1888.530029,1888.530029,1880.5646969999998,0
2016-01-14,1880.939941,1880.939941,1880.939941,1880.939941,1873.0063480000001,1110
2016-01-15,1880.939941,1880.939941,1880.939941,1880.939941,1873.0063480000001,0
2016-01-18,1880.939941,1880.939941,1880.939941,1880.939941,1873.0063480000001,0
2016-01-19,1901.449951,1901.449951,1896.050049,1896.050049,1888.0527339999999,77
2016-01-20,1877.180054,1877.180054,1877.180054,1877.180054,1869.262329,8500
2016-01-21,1892.97998,1892.97998,1892.97998,1892.97998,1884.995728,3400
2016-01-22,1892.97998,1892.97998,1892.97998,1892.97998,1884.995728,0
2016-01-25,1892.97998,1892.97998,1892.97998,1892.97998,1884.995728,0
2016-01-26,1985.0,1985.0,1979.0,1979.0,1970.652832,990
2016-01-27,2014.560059,2014.560059,2014.560059,2014.560059,2006.06311,17
2016-01-28,2014.560059,2014.560059,2014.560059,2014.560059,2006.06311,0
2016-01-29,2014.560059,2014.560059,2014.560059,2014.560059,2006.06311,0
2016-02-02,2014.560059,2014.560059,2014.560059,2014.560059,2006.06311,0
2016-02-03,2014.560059,2014.560059,2014.560059,2014.560059,2006.06311,0
2016-02-04,1950.0,1954.910034,1950.0,1954.910034,1946.664551,985
2016-02-05,1923.0,1923.0,1923.0,1923.0,1914.8891600000002,130
2016-02-08,1923.0,1923.0,1923.0,1923.0,1914.8891600000002,0
2016-02-09,1923.0,1923.0,1923.0,1923.0,1914.8891600000002,0
2016-02-10,1916.0,1916.0,1916.0,1916.0,1907.918701,14
2016-02-11,1916.0,1916.0,1916.0,1916.0,1907.918701,0
2016-02-12,1916.0,1916.0,1916.0,1916.0,1907.918701,0
2016-02-15,1916.0,1916.0,1916.0,1916.0,1907.918701,0
2016-02-16,1964.339966,1964.339966,1964.339966,1964.339966,1956.054688,335
2016-02-17,1964.339966,1964.339966,1964.339966,1964.339966,1956.054688,0
2016-02-18,1964.339966,1964.339966,1964.339966,1964.339966,1956.054688,0
2016-02-19,1964.339966,1964.339966,1964.339966,1964.339966,1956.054688,0
2016-02-22,1964.339966,1964.339966,1964.339966,1964.339966,1956.054688,0
2016-02-23,1903.72998,1903.72998,1903.72998,1903.72998,1895.700439,1275
2016-02-24,1879.310059,1879.310059,1879.310059,1879.310059,1872.632813,360
2016-02-25,1879.310059,1879.310059,1879.310059,1879.310059,1872.632813,0
2016-02-26,1879.310059,1879.310059,1879.310059,1879.310059,1872.632813,0
2016-02-29,1866.75,1870.0,1848.2399899999998,1848.2399899999998,1841.673096,5270
2016-03-01,1873.609985,1873.609985,1873.609985,1873.609985,1866.953003,2400
2016-03-02,1873.609985,1873.609985,1873.609985,1873.609985,1866.953003,0
2016-03-03,1873.609985,1873.609985,1873.609985,1873.609985,1866.953003,0
2016-03-04,1901.130005,1901.130005,1901.130005,1901.130005,1894.375244,460
2016-03-07,1860.1500239999998,1881.319946,1860.1500239999998,1873.02002,1866.3651120000002,1752
2016-03-08,1899.930054,1899.930054,1899.930054,1899.930054,1893.179443,330
2016-03-09,1899.0100100000002,1899.0100100000002,1898.839966,1898.839966,1892.093262,12220
2016-03-10,1889.699951,1889.699951,1889.699951,1889.699951,1882.9858399999998,765
2016-03-11,1889.699951,1889.699951,1889.699951,1889.699951,1882.9858399999998,0
2016-03-14,1889.699951,1889.699951,1889.699951,1889.699951,1882.9858399999998,0
2016-03-15,1889.699951,1889.699951,1889.699951,1889.699951,1882.9858399999998,0
2016-03-16,1912.430054,1912.430054,1912.430054,1912.430054,1905.6350100000002,440
2016-03-17,1912.430054,1912.430054,1912.430054,1912.430054,1905.6350100000002,0
2016-03-18,1912.430054,1912.430054,1912.430054,1912.430054,1905.6350100000002,0
2016-03-22,1912.430054,1912.430054,1912.430054,1912.430054,1905.6350100000002,0
2016-03-23,1912.430054,1912.430054,1912.430054,1912.430054,1905.6350100000002,0
2016-03-28,1867.27002,1867.27002,1867.27002,1867.27002,1860.63562,295
2016-03-29,1867.27002,1867.27002,1867.27002,1867.27002,1860.63562,0
2016-03-30,1867.27002,1867.27002,1867.27002,1867.27002,1860.63562,0
2016-03-31,1867.27002,1867.27002,1867.27002,1867.27002,1860.63562,0
2016-04-01,1867.27002,1867.27002,1867.27002,1867.27002,1860.63562,0
2016-04-04,1877.0,1877.0,1877.0,1877.0,1870.3309329999997,52
2016-04-05,1877.0,1877.0,1877.0,1877.0,1870.3309329999997,0
2016-04-06,1877.0,1877.0,1877.0,1877.0,1870.3309329999997,0
2016-04-07,1926.5999760000002,1926.5999760000002,1916.5,1916.5,1909.690552,481
2016-04-08,1916.5,1916.5,1916.5,1916.5,1909.690552,0
2016-04-11,1916.5,1916.5,1916.5,1916.5,1909.690552,0
2016-04-12,1916.5,1916.5,1916.5,1916.5,1909.690552,0
2016-04-13,1901.859985,1901.859985,1901.859985,1901.859985,1895.1027829999998,620
2016-04-14,1901.859985,1901.859985,1901.859985,1901.859985,1895.1027829999998,0
2016-04-15,1901.859985,1901.859985,1901.859985,1901.859985,1895.1027829999998,0
2016-04-18,1901.859985,1901.859985,1901.859985,1901.859985,1895.1027829999998,0
2016-04-19,1901.859985,1901.859985,1901.859985,1901.859985,1895.1027829999998,0
2016-04-20,1901.859985,1901.859985,1901.859985,1901.859985,1895.1027829999998,0
2016-04-21,1901.859985,1901.859985,1901.859985,1901.859985,1895.1027829999998,0
2016-04-22,1901.859985,1901.859985,1901.859985,1901.859985,1895.1027829999998,0
2016-04-25,1901.859985,1901.859985,1901.859985,1901.859985,1895.1027829999998,0
2016-04-26,1901.859985,1901.859985,1901.859985,1901.859985,1895.1027829999998,0
2016-04-27,1901.859985,1901.859985,1901.859985,1901.859985,1895.1027829999998,0
2016-04-28,1862.75,1862.75,1862.75,1862.75,1856.13147,900
2016-04-29,1860.430054,1860.430054,1860.430054,1860.430054,1853.819824,500
2016-05-02,1860.430054,1860.430054,1860.430054,1860.430054,1853.819824,0
2016-05-03,1899.410034,1899.410034,1899.410034,1899.410034,1892.661377,454
2016-05-04,1905.050049,1914.75,1905.050049,1914.75,1907.9468989999998,4885
2016-05-05,1914.75,1914.75,1914.75,1914.75,1907.9468989999998,0
2016-05-06,1914.75,1914.75,1914.75,1914.75,1907.9468989999998,0
2016-05-09,1914.75,1914.75,1914.75,1914.75,1907.9468989999998,0
2016-05-10,1969.5,1969.5,1969.5,1969.5,1962.5021969999998,260
2016-05-11,1969.5,1969.5,1969.5,1969.5,1962.5021969999998,0
2016-05-12,1965.890015,1965.890015,1965.890015,1965.890015,1958.905029,625
2016-05-13,1965.890015,1965.890015,1965.890015,1965.890015,1958.905029,0
2016-05-16,1965.890015,1965.890015,1965.890015,1965.890015,1958.905029,0
2016-05-17,1965.890015,1965.890015,1965.890015,1965.890015,1958.905029,0
2016-05-18,1965.890015,1965.890015,1965.890015,1965.890015,1958.905029,0
2016-05-19,1965.890015,1965.890015,1965.890015,1965.890015,1958.905029,0
2016-05-20,1967.0,1967.0,1967.0,1967.0,1960.011108,285
2016-05-23,1967.0,1967.0,1967.0,1967.0,1960.011108,0
2016-05-24,1967.0,1967.0,1967.0,1967.0,1960.011108,0
2016-05-25,2022.0,2022.0,2022.0,2022.0,2014.815796,359
2016-05-26,2032.77002,2032.77002,2028.640015,2028.640015,2021.4321289999998,3170
2016-05-27,2019.880005,2035.410034,2019.880005,2035.410034,2028.1781010000002,337
2016-05-30,2035.410034,2035.410034,2035.410034,2035.410034,2028.1781010000002,0
2016-05-31,2040.310059,2040.310059,2040.310059,2040.310059,2033.0606690000002,1000
2016-06-01,2040.310059,2040.310059,2040.310059,2040.310059,2033.0606690000002,0
2016-06-02,2017.199951,2017.199951,2017.199951,2017.199951,2010.0327149999998,245
2016-06-03,2027.9000239999998,2027.9000239999998,2027.9000239999998,2027.9000239999998,2020.694702,135
2016-06-06,2027.9000239999998,2027.9000239999998,2027.9000239999998,2027.9000239999998,2020.694702,0
2016-06-07,2027.9000239999998,2027.9000239999998,2027.9000239999998,2027.9000239999998,2020.694702,0
2016-06-08,2027.9000239999998,2027.9000239999998,2027.9000239999998,2027.9000239999998,2020.694702,0
2016-06-09,1980.719971,1980.719971,1980.719971,1980.719971,1973.682373,1100
2016-06-10,1940.810059,1940.810059,1940.810059,1940.810059,1933.914307,995
2016-06-13,1935.0,1935.0,1935.0,1935.0,1928.124878,200
2016-06-14,1913.319946,1913.319946,1910.7600100000002,1910.7600100000002,1903.9709469999998,860
2016-06-15,1915.089966,1915.089966,1915.089966,1915.089966,1908.285522,337
2016-06-16,1945.5999760000002,1952.0,1945.5999760000002,1951.560059,1944.6260989999998,3700
2016-06-17,1951.290039,1951.290039,1945.359985,1945.359985,1938.447998,2630
2016-06-20,1945.359985,1945.359985,1945.359985,1945.359985,1938.447998,0
2016-06-21,1945.359985,1945.359985,1945.359985,1945.359985,1938.447998,0
2016-06-22,2025.0,2025.0,2015.0,2025.0,2017.805176,3945
2016-06-23,2025.0,2025.0,2017.780029,2017.780029,2010.6108399999998,1015
2016-06-24,1987.140015,2012.3499760000002,1972.0,1976.050049,1969.0290530000002,3179
2016-06-27,1944.0,1980.22998,1944.0,1980.22998,1973.1940920000002,587
2016-06-28,1984.25,1984.25,1984.25,1984.25,1977.199829,3900
2016-06-29,1984.25,1984.25,1984.25,1984.25,1977.199829,0
2016-06-30,2088.8798829999996,2088.8798829999996,2088.8798829999996,2088.8798829999996,2081.457764,150
2016-07-01,2086.949951,2086.949951,2086.949951,2086.949951,2079.534912,1780
2016-07-04,2086.949951,2086.949951,2086.949951,2086.949951,2079.534912,0
2016-07-05,2122.110107,2122.110107,2121.22998,2121.22998,2113.693115,12570
2016-07-06,2108.350098,2108.350098,2108.350098,2108.350098,2100.8591309999997,1700
2016-07-07,2140.449951,2140.449951,2140.449951,2140.449951,2132.844727,2748
2016-07-08,2100.659912,2100.659912,2080.0,2080.0,2072.6096190000003,10867
2016-07-11,2075.0,2101.040039,2075.0,2101.040039,2093.574951,14237
2016-07-12,2101.040039,2101.040039,2101.040039,2101.040039,2093.574951,0
2016-07-13,2101.040039,2101.040039,2101.040039,2101.040039,2093.574951,0
2016-07-14,2077.409912,2077.409912,2077.409912,2077.409912,2070.028564,1168
2016-07-15,2086.530029,2086.530029,2083.600098,2083.600098,2076.197021,1980
2016-07-18,2083.600098,2083.600098,2083.600098,2083.600098,2076.197021,0
2016-07-19,2083.600098,2083.600098,2083.600098,2083.600098,2076.197021,0
2016-07-20,2081.0,2096.0,2079.100098,2096.0,2088.552734,974
2016-07-21,2096.0,2096.0,2096.0,2096.0,2088.552734,0
2016-07-22,2096.0,2096.0,2096.0,2096.0,2088.552734,0
2016-07-25,2096.0,2096.0,2096.0,2096.0,2088.552734,0
2016-07-26,2096.0,2096.0,2096.0,2096.0,2088.552734,0
2016-07-27,2127.0,2127.0,2127.0,2127.0,2119.442871,9
2016-07-28,2127.0,2127.0,2127.0,2127.0,2119.442871,0
2016-07-29,2189.530029,2189.530029,2189.530029,2189.530029,2181.750977,330
2016-08-01,2189.530029,2189.530029,2189.530029,2189.530029,2181.750977,0
2016-08-02,2189.530029,2189.530029,2189.530029,2189.530029,2181.750977,0
2016-08-03,2175.600098,2175.600098,2170.72998,2170.72998,2163.017334,1250
2016-08-04,2183.860107,2183.860107,2183.860107,2183.860107,2176.100586,1159
2016-08-05,2170.72998,2170.72998,2170.72998,2170.72998,2163.017334,0
2016-08-08,2133.97998,2133.97998,2133.0,2133.300049,2125.720215,1140
2016-08-09,2123.8701170000004,2123.8701170000004,2123.8701170000004,2123.8701170000004,2116.323975,74
2016-08-10,2100.0,2100.0,2093.189941,2093.189941,2087.567627,4909
2016-08-11,2100.0,2100.0,2100.0,2100.0,2094.3591309999997,220
2016-08-12,2087.189941,2087.189941,2087.189941,2087.189941,2081.583496,769
2016-08-15,2087.189941,2087.189941,2087.189941,2087.189941,2081.583496,0
2016-08-16,2087.189941,2087.189941,2087.189941,2087.189941,2081.583496,0
2016-08-17,2097.1298829999996,2097.1298829999996,2097.1298829999996,2097.1298829999996,2091.496826,355
2016-08-18,2097.1298829999996,2097.1298829999996,2097.1298829999996,2097.1298829999996,2091.496826,0
2016-08-19,2102.5,2104.6201170000004,2102.5,2104.6201170000004,2098.967041,2516
2016-08-22,2104.6201170000004,2104.6201170000004,2104.6201170000004,2104.6201170000004,2098.967041,0
2016-08-23,2113.0,2113.0,2113.0,2113.0,2107.324463,207
2016-08-24,2120.199951,2120.199951,2120.199951,2120.199951,2114.5048829999996,347
2016-08-25,2120.199951,2120.199951,2120.199951,2120.199951,2114.5048829999996,0
2016-08-26,2113.0,2113.0,2113.0,2113.0,2107.324463,644
2016-08-29,2113.0,2113.0,2113.0,2113.0,2107.324463,0
2016-08-30,2125.0,2125.0,2125.0,2125.0,2119.2919920000004,450
2016-08-31,2119.399902,2119.399902,2119.399902,2119.399902,2113.707031,551
2016-09-01,2160.0,2160.0,2160.0,2160.0,2154.197998,5
2016-09-02,2160.0,2160.0,2160.0,2160.0,2154.197998,10
2016-09-05,2160.0,2160.0,2160.0,2160.0,2154.197998,0
2016-09-06,2160.0,2160.0,2160.0,2160.0,2154.197998,0
2016-09-07,2160.0,2160.0,2160.0,2160.0,2154.197998,0
2016-09-08,2114.209961,2114.209961,2114.209961,2114.209961,2108.5310059999997,2090
2016-09-09,2114.209961,2114.209961,2114.209961,2114.209961,2108.5310059999997,1
2016-09-12,2122.449951,2122.449951,2122.449951,2122.449951,2116.749023,3800
2016-09-13,2122.449951,2122.449951,2122.449951,2122.449951,2116.749023,0
2016-09-14,2122.449951,2122.449951,2122.449951,2122.449951,2116.749023,0
2016-09-15,2150.0,2150.0,2150.0,2150.0,2144.224854,52
2016-09-19,2150.0,2150.0,2150.0,2150.0,2144.224854,0
2016-09-20,2250.0,2276.0,2250.0,2276.0,2269.886475,900
2016-09-21,2250.0,2276.399902,2250.0,2276.399902,2270.285156,1645
2016-09-22,2276.399902,2276.399902,2276.399902,2276.399902,2270.285156,0
2016-09-23,2300.5,2300.5,2300.5,2300.5,2294.320557,1064
2016-09-26,2302.550049,2309.070068,2302.550049,2309.070068,2302.8676760000003,4265
2016-09-27,2309.070068,2309.070068,2309.070068,2309.070068,2302.8676760000003,0
2016-09-28,2265.060059,2265.060059,2265.060059,2265.060059,2258.9760739999997,11105
2016-09-29,2263.97998,2263.97998,2250.600098,2250.600098,2244.554932,217
2016-09-30,2250.600098,2250.600098,2250.600098,2250.600098,2244.554932,0
2016-10-03,2250.600098,2250.600098,2250.600098,2250.600098,2244.554932,0
2016-10-04,2261.0,2261.0,2261.0,2261.0,2254.927002,1609
2016-10-05,2229.860107,2229.860107,2229.860107,2229.860107,2223.870361,160
2016-10-06,2229.860107,2229.860107,2229.860107,2229.860107,2223.870361,0
2016-10-07,2165.0,2165.0,2165.0,2165.0,2159.184326,65
2016-10-10,2129.100098,2129.100098,2129.100098,2129.100098,2123.380859,505
2016-10-11,2107.0,2107.0,2107.0,2107.0,2101.340576,604
2016-10-12,2107.0,2107.0,2107.0,2107.0,2101.340576,0
2016-10-13,2107.0,2107.0,2107.0,2107.0,2101.340576,0
2016-10-14,2107.0,2107.0,2107.0,2107.0,2101.340576,0
2016-10-17,2107.0,2107.0,2107.0,2107.0,2101.340576,0
2016-10-18,2030.0,2030.0,2030.0,2030.0,2024.547241,1390
2016-10-19,2024.1700440000002,2024.1700440000002,2024.1700440000002,2024.1700440000002,2018.7329100000002,900
2016-10-20,2024.1700440000002,2024.1700440000002,2024.1700440000002,2024.1700440000002,2018.7329100000002,0
2016-10-21,2022.609985,2022.609985,2022.609985,2022.609985,2017.177002,50
2016-10-24,2008.1500239999998,2008.1500239999998,2008.1500239999998,2008.1500239999998,2002.7559809999998,5740
2016-10-25,2007.0,2007.0,2006.0999760000002,2006.0999760000002,2000.711304,1780
2016-10-26,2023.550049,2023.550049,2023.550049,2023.550049,2018.114502,1043
2016-10-27,2030.0,2030.0,2027.109985,2030.0,2024.547241,1245
2016-10-28,2030.0,2030.0,2013.869995,2013.869995,2008.460571,1610
2016-10-31,2013.869995,2013.869995,2013.869995,2013.869995,2008.460571,0
2016-11-01,2013.869995,2013.869995,2013.869995,2013.869995,2008.460571,0
2016-11-03,2030.0,2030.0,1998.0,1998.0,1992.633179,3120
2016-11-04,1998.0,1998.0,1998.0,1998.0,1992.633179,0
2016-11-07,1942.589966,1942.589966,1942.589966,1942.589966,1937.37207,715
2016-11-08,1942.589966,1942.589966,1942.589966,1942.589966,1937.37207,0
2016-11-09,1942.589966,1942.589966,1942.589966,1942.589966,1937.37207,0
2016-11-10,2078.97998,2100.0,2078.97998,2089.27002,2083.657959,12180
2016-11-11,2138.5,2141.75,2102.560059,2102.560059,2096.912354,7860
2016-11-14,2083.0,2083.0,2079.199951,2079.850098,2074.263428,4862
2016-11-15,2052.790039,2052.790039,2044.199951,2044.199951,2038.7091059999998,16149
2016-11-16,2044.199951,2044.199951,2044.199951,2044.199951,2038.7091059999998,0
2016-11-17,2044.199951,2044.199951,2044.199951,2044.199951,2038.7091059999998,0
2016-11-18,2044.199951,2044.199951,2044.199951,2044.199951,2038.7091059999998,0
2016-11-22,2044.199951,2044.199951,2044.199951,2044.199951,2038.7091059999998,0
2016-11-23,2044.199951,2044.199951,2044.199951,2044.199951,2038.7091059999998,0
2016-11-24,2044.199951,2044.199951,2044.199951,2044.199951,2038.7091059999998,0
2016-11-25,2044.199951,2044.199951,2044.199951,2044.199951,2038.7091059999998,0
2016-11-28,2044.0,2099.679932,2044.0,2099.679932,2094.040039,2740
2016-11-29,2099.679932,2099.679932,2099.679932,2099.679932,2094.040039,0
2016-11-30,2086.350098,2086.350098,2086.350098,2086.350098,2080.74585,1550
2016-12-01,2079.0,2079.0,2079.0,2079.0,2073.415527,125
2016-12-02,2068.26001,2068.26001,2067.0,2067.0,2061.447998,1955
2016-12-05,2075.909912,2084.0,2075.909912,2084.0,2078.402344,5248
2016-12-06,2084.0,2084.0,2084.0,2084.0,2078.402344,0
2016-12-07,2084.0,2084.0,2084.0,2084.0,2078.402344,0
2016-12-08,2084.0,2084.0,2084.0,2084.0,2078.402344,0
2016-12-09,2115.0,2115.0,2115.0,2115.0,2109.319092,950
2016-12-13,2155.080078,2155.080078,2155.080078,2155.080078,2149.291504,1100
2016-12-14,2155.080078,2155.080078,2155.080078,2155.080078,2149.291504,0
2016-12-15,2155.080078,2155.080078,2155.080078,2155.080078,2149.291504,0
2016-12-16,2155.080078,2155.080078,2155.080078,2155.080078,2149.291504,0
2016-12-19,2155.080078,2155.080078,2155.080078,2155.080078,2149.291504,0
2016-12-20,2112.0,2112.0,2112.0,2112.0,2106.326904,30
2016-12-21,2131.580078,2131.580078,2131.580078,2131.580078,2125.8544920000004,5000
2016-12-22,2139.0,2139.0,2139.0,2139.0,2133.254639,4000
2016-12-23,2139.0,2139.0,2139.0,2139.0,2133.254639,0
2016-12-26,2139.0,2139.0,2139.0,2139.0,2133.254639,0
2016-12-27,2139.0,2139.0,2139.0,2139.0,2133.254639,0
2016-12-28,2140.0,2140.0,2135.0,2135.0,2129.2653809999997,2011
2016-12-29,2135.0,2135.0,2135.0,2135.0,2129.2653809999997,0
2016-12-30,2135.0,2135.0,2135.0,2135.0,2129.2653809999997,0
2017-01-02,2135.0,2135.0,2135.0,2135.0,2129.2653809999997,0
2017-01-03,2195.399902,2195.399902,2195.399902,2195.399902,2189.502686,325
2017-01-04,2247.030029,2247.030029,2247.030029,2247.030029,2240.994385,900
2017-01-05,2247.030029,2247.030029,2247.030029,2247.030029,2240.994385,0
2017-01-06,2247.030029,2247.030029,2247.030029,2247.030029,2240.994385,0
2017-01-09,2281.0,2281.199951,2281.0,2281.199951,2275.072021,990
2017-01-10,2299.469971,2300.0,2299.469971,2300.0,2293.822021,13225
2017-01-11,2341.600098,2341.600098,2341.600098,2341.600098,2335.310547,172
2017-01-12,2341.600098,2341.600098,2341.600098,2341.600098,2335.310547,0
2017-01-13,2326.699951,2326.699951,2326.699951,2326.699951,2320.450195,155
2017-01-16,2326.699951,2326.699951,2326.699951,2326.699951,2320.450195,0
2017-01-17,2326.699951,2326.699951,2306.699951,2306.699951,2300.503906,605
2017-01-18,2306.699951,2306.699951,2306.699951,2306.699951,2300.503906,0
2017-01-19,2306.699951,2306.699951,2306.699951,2306.699951,2300.503906,0
2017-01-20,2306.699951,2306.699951,2306.699951,2306.699951,2300.503906,0
2017-01-23,2323.0,2328.600098,2323.0,2328.600098,2322.345215,954
2017-01-24,2328.600098,2328.600098,2328.600098,2328.600098,2322.345215,0
2017-01-25,2334.149902,2334.149902,2309.5,2309.5,2303.2966309999997,2430
2017-01-26,2393.850098,2393.850098,2365.830078,2377.800049,2371.41333,12488
2017-01-27,2377.800049,2377.800049,2377.800049,2377.800049,2371.41333,0
2017-01-30,2307.189941,2307.189941,2307.189941,2307.189941,2300.9926760000003,2600
2017-01-31,2307.189941,2307.189941,2307.189941,2307.189941,2300.9926760000003,0
2017-02-01,2307.189941,2307.189941,2307.189941,2307.189941,2300.9926760000003,0
2017-02-02,2294.27002,2294.27002,2282.600098,2282.600098,2276.46875,7740
2017-02-03,2282.600098,2282.600098,2282.600098,2282.600098,2276.46875,0
2017-02-07,2282.600098,2282.600098,2282.600098,2282.600098,2276.46875,0
2017-02-08,2338.320068,2338.320068,2338.320068,2338.320068,2332.0390629999997,6200
2017-02-09,2326.0,2326.0,2326.0,2326.0,2319.751953,702
2017-02-10,2326.0,2326.0,2326.0,2326.0,2319.751953,0
2017-02-13,2326.0,2326.0,2326.0,2326.0,2319.751953,0
2017-02-14,2321.199951,2321.199951,2301.360107,2302.0,2295.81665,12400
2017-02-15,2302.0,2302.0,2302.0,2302.0,2295.81665,0
2017-02-16,2322.399902,2322.399902,2322.399902,2322.399902,2316.161865,6200
2017-02-17,2322.399902,2322.399902,2322.399902,2322.399902,2316.161865,0
2017-02-20,2322.399902,2322.399902,2322.399902,2322.399902,2316.161865,0
2017-02-21,2346.3798829999996,2346.3798829999996,2322.399902,2322.399902,2316.161865,790
2017-02-22,2322.399902,2322.399902,2322.399902,2322.399902,2317.35083,0
2017-02-23,2322.399902,2322.399902,2322.399902,2322.399902,2317.35083,0
2017-02-24,2322.399902,2322.399902,2322.399902,2322.399902,2317.35083,0
2017-02-27,2264.810059,2264.810059,2264.810059,2264.810059,2259.885986,1200
2017-02-28,2299.0,2299.0,2299.0,2299.0,2294.001465,300
2017-03-01,2260.0,2260.0,2260.0,2260.0,2255.0864260000003,390
2017-03-02,2268.139893,2268.139893,2268.139893,2268.139893,2263.20874,120
2017-03-03,2268.139893,2268.139893,2268.139893,2268.139893,2263.20874,0
2017-03-06,2196.47998,2196.47998,2196.47998,2196.47998,2191.70459,400
2017-03-07,2170.26001,2170.26001,2170.26001,2170.26001,2165.541504,600
2017-03-08,2189.76001,2189.76001,2189.76001,2189.76001,2184.999268,600
2017-03-09,2189.76001,2189.76001,2189.76001,2189.76001,2184.999268,0
2017-03-10,2205.0,2205.0,2205.0,2205.0,2200.206055,300
2017-03-13,2205.0,2205.0,2205.0,2205.0,2200.206055,0
2017-03-14,2205.0,2205.0,2205.0,2205.0,2200.206055,0
2017-03-15,2205.0,2205.0,2205.0,2205.0,2200.206055,0
2017-03-16,2205.0,2205.0,2205.0,2205.0,2200.206055,0
2017-03-17,2205.0,2205.0,2205.0,2205.0,2200.206055,0
2017-03-21,2215.459961,2230.5,2215.459961,2230.5,2225.650391,1330
2017-03-22,2222.0,2222.0,2222.0,2222.0,2217.168945,300
2017-03-23,2222.0,2222.0,2222.0,2222.0,2217.168945,0
2017-03-24,2222.0,2222.0,2222.0,2222.0,2217.168945,0
2017-03-27,2191.100098,2191.100098,2191.100098,2191.100098,2186.3364260000003,60
2017-03-28,2191.100098,2191.100098,2191.100098,2191.100098,2186.3364260000003,0
2017-03-29,2188.600098,2188.600098,2188.600098,2188.600098,2183.841553,1000
2017-03-30,2175.5,2175.5,2175.5,2175.5,2170.770264,150
2017-03-31,2173.0,2173.0,2169.179932,2169.179932,2164.4638670000004,2830
2017-04-03,2152.709961,2152.709961,2151.52002,2151.52002,2146.842285,2910
2017-04-04,2167.709961,2167.709961,2167.709961,2167.709961,2162.99707,2610
2017-04-05,2159.110107,2159.110107,2154.699951,2155.199951,2150.514404,4770
2017-04-06,2155.199951,2155.199951,2155.199951,2155.199951,2150.514404,0
2017-04-07,2131.070068,2131.070068,2131.070068,2131.070068,2126.436768,770
2017-04-10,2131.070068,2131.070068,2131.070068,2131.070068,2126.436768,0
2017-04-11,2131.070068,2131.070068,2131.070068,2131.070068,2126.436768,0
2017-04-12,2131.070068,2131.070068,2131.070068,2131.070068,2126.436768,0
2017-04-17,2131.070068,2131.070068,2131.070068,2131.070068,2126.436768,0
2017-04-18,2144.6298829999996,2144.6298829999996,2140.0,2140.0,2135.347168,590
2017-04-19,2140.0,2140.0,2140.0,2140.0,2135.347168,0
2017-04-20,2145.149902,2145.149902,2145.149902,2145.149902,2140.486084,374
2017-04-21,2150.169922,2150.169922,2150.169922,2150.169922,2145.495361,1905
2017-04-24,2186.0,2186.0,2186.0,2186.0,2181.247314,650
2017-04-25,2212.5,2215.01001,2212.5,2215.01001,2210.194336,2286
2017-04-26,2215.01001,2215.01001,2215.01001,2215.01001,2210.194336,0
2017-04-27,2237.409912,2237.409912,2237.409912,2237.409912,2232.54541,5000
2017-04-28,2237.409912,2237.409912,2237.409912,2237.409912,2232.54541,0
2017-05-02,2207.030029,2207.030029,2204.0,2204.0,2199.208252,2247
2017-05-03,2225.0,2225.0,2225.0,2225.0,2220.162598,458
2017-05-04,2225.0,2266.0,2225.0,2266.0,2261.073486,504
2017-05-05,2265.5,2265.5,2265.5,2265.5,2260.574463,200
2017-05-08,2265.5,2265.5,2265.5,2265.5,2260.574463,0
2017-05-09,2265.5,2265.5,2265.5,2265.5,2260.574463,0
2017-05-10,2265.5,2265.5,2265.5,2265.5,2260.574463,0
2017-05-11,2258.959961,2260.0,2258.959961,2260.0,2255.0864260000003,700
2017-05-12,2260.0,2260.0,2260.0,2260.0,2255.0864260000003,0
2017-05-15,2224.139893,2226.0,2224.139893,2226.0,2221.1604,340
2017-05-16,2258.570068,2265.5,2258.570068,2265.5,2260.574463,2615
2017-05-17,2272.100098,2272.100098,2272.100098,2272.100098,2267.160156,370
2017-05-18,2251.209961,2251.209961,2251.209961,2251.209961,2246.315674,6616
2017-05-19,2251.209961,2251.209961,2251.209961,2251.209961,2246.315674,0
2017-05-22,2257.159912,2270.899902,2257.159912,2270.899902,2265.962646,5680
2017-05-23,2270.899902,2270.899902,2270.899902,2270.899902,2265.962646,0
2017-05-24,2257.689941,2257.689941,2257.689941,2257.689941,2252.78125,390
2017-05-25,2290.0,2290.0,2290.0,2257.689941,2252.78125,1
2017-05-26,2257.689941,2257.689941,2257.689941,2257.689941,2252.78125,0
2017-05-29,2257.689941,2257.689941,2257.689941,2257.689941,2252.78125,0
2017-05-30,2257.689941,2257.689941,2257.689941,2257.689941,2252.78125,0
2017-05-31,2295.030029,2295.030029,2276.040039,2276.040039,2271.091553,7629
2017-06-01,2276.040039,2276.040039,2276.040039,2276.040039,2271.091553,0
2017-06-02,2308.100098,2308.300049,2308.100098,2308.300049,2303.2814940000003,400
2017-06-05,2308.300049,2308.300049,2308.300049,2308.300049,2303.2814940000003,0
2017-06-06,2244.600098,2244.600098,2244.600098,2244.600098,2239.720215,120
2017-06-07,2233.800049,2233.800049,2233.800049,2233.800049,2228.943604,240
2017-06-08,2181.5,2181.5,2181.5,2181.5,2176.75708,500
2017-06-09,2181.5,2181.5,2181.5,2181.5,2176.75708,0
2017-06-12,2169.100098,2169.100098,2169.100098,2169.100098,2164.384033,330
2017-06-13,2169.100098,2169.100098,2169.100098,2169.100098,2164.384033,0
2017-06-14,2169.100098,2169.100098,2169.100098,2169.100098,2164.384033,0
2017-06-15,2169.98999,2169.98999,2169.98999,2169.98999,2165.272217,70
2017-06-16,2169.98999,2169.98999,2169.98999,2169.98999,2165.272217,0
2017-06-19,2202.699951,2202.699951,2202.699951,2202.699951,2197.9111329999996,151
2017-06-20,2228.52002,2228.52002,2228.52002,2228.52002,2223.675049,3700
2017-06-21,2210.0,2210.0,2210.0,2228.52002,2223.675049,30
2017-06-22,2165.570068,2165.570068,2165.570068,2165.570068,2160.861816,245
2017-06-23,2146.0,2146.0,2143.3798829999996,2143.3798829999996,2138.719971,2030
2017-06-26,2151.699951,2151.699951,2151.699951,2151.699951,2147.021973,240
2017-06-27,2170.300049,2170.300049,2170.300049,2170.300049,2165.581543,1435
2017-06-28,2160.209961,2176.199951,2160.209961,2176.199951,2171.4685059999997,800
2017-06-29,2175.600098,2175.600098,2175.600098,2175.600098,2170.8701170000004,400
2017-06-30,2162.860107,2180.0,2162.860107,2180.0,2175.260498,4900
2017-07-03,2180.0,2180.0,2180.0,2180.0,2175.260498,0
2017-07-04,2180.0,2180.0,2180.0,2180.0,2175.260498,0
2017-07-05,2180.0,2180.0,2180.0,2180.0,2175.260498,130
2017-07-06,2155.570068,2155.570068,2155.570068,2155.570068,2150.8833010000003,1440
2017-07-07,2155.570068,2155.570068,2155.570068,2155.570068,2150.8833010000003,0
2017-07-10,2141.080078,2143.300049,2141.080078,2143.300049,2138.6401370000003,1120
2017-07-11,2143.300049,2143.300049,2143.300049,2143.300049,2138.6401370000003,0
2017-07-12,2143.300049,2143.300049,2143.300049,2143.300049,2138.6401370000003,0
2017-07-13,2143.300049,2143.300049,2143.300049,2143.300049,2138.6401370000003,0
2017-07-14,2136.320068,2136.320068,2136.320068,2136.320068,2131.675537,755
2017-07-17,2143.1298829999996,2143.1298829999996,2143.1298829999996,2143.1298829999996,2138.470459,800
2017-07-18,2109.0,2114.0,2105.75,2105.75,2101.171875,15396
2017-07-19,2123.399902,2123.399902,2123.399902,2123.399902,2118.783447,300
2017-07-20,2123.399902,2123.399902,2123.399902,2123.399902,2118.783447,0
2017-07-21,2123.399902,2123.399902,2123.399902,2123.399902,2118.783447,0
2017-07-24,2108.280029,2108.280029,2099.399902,2099.399902,2094.835693,1000
2017-07-25,2117.0,2117.0,2117.0,2117.0,2112.397461,381
2017-07-26,2117.0,2117.0,2117.0,2117.0,2112.397461,0
2017-07-27,2270.429932,2270.429932,2270.429932,2270.429932,2265.493896,3600
2017-07-28,2270.429932,2270.429932,2270.429932,2270.429932,2265.493896,0
2017-07-31,2328.0,2328.0,2328.0,2270.429932,2265.493896,3
2017-08-01,2325.0,2329.439941,2325.0,2329.439941,2324.3752440000003,290
2017-08-02,2329.439941,2329.439941,2329.439941,2329.439941,2324.3752440000003,0
2017-08-03,2329.52002,2329.52002,2329.52002,2329.52002,2324.455322,1300
2017-08-04,2329.52002,2329.52002,2329.52002,2329.52002,2324.455322,0
2017-08-07,2387.100098,2387.100098,2387.100098,2387.100098,2381.910156,146
2017-08-08,2387.100098,2387.100098,2387.100098,2387.100098,2381.910156,0
2017-08-09,2387.100098,2387.100098,2387.100098,2387.100098,2383.939697,0
2017-08-10,2300.0,2323.0,2300.0,2320.0,2316.928467,775
2017-08-11,2320.0,2320.0,2320.0,2320.0,2316.928467,0
2017-08-14,2323.0,2323.0,2323.0,2323.0,2319.924561,159
2017-08-15,2323.0,2323.0,2323.0,2323.0,2319.924561,0
2017-08-16,2323.0,2323.0,2323.0,2323.0,2319.924561,0
2017-08-17,2375.01001,2375.01001,2368.689941,2368.689941,2365.553955,4750
2017-08-18,2368.689941,2368.689941,2368.689941,2368.689941,2365.553955,0
2017-08-21,2368.689941,2368.689941,2368.689941,2368.689941,2365.553955,0
2017-08-22,2368.689941,2368.689941,2368.689941,2368.689941,2365.553955,0
2017-08-23,2349.090088,2349.100098,2349.090088,2349.100098,2345.98999,223
2017-08-24,2349.100098,2349.100098,2349.100098,2349.100098,2345.98999,0
2017-08-25,2349.100098,2349.100098,2349.100098,2349.100098,2345.98999,0
2017-08-28,2349.0,2349.0,2349.0,2349.0,2345.8901370000003,200
2017-08-29,2364.310059,2364.310059,2364.310059,2364.310059,2361.1796879999997,500
2017-08-30,2370.530029,2370.530029,2370.530029,2370.530029,2367.391602,2400
2017-08-31,2370.530029,2370.530029,2370.530029,2370.530029,2367.391602,0
2017-09-01,2370.530029,2370.530029,2370.530029,2370.530029,2367.391602,0
2017-09-04,2370.530029,2370.530029,2370.530029,2370.530029,2367.391602,0
2017-09-05,2402.0,2402.0,2402.0,2402.0,2398.820068,802
2017-09-06,2402.0,2402.0,2402.0,2402.0,2398.820068,0
2017-09-07,2402.0,2402.0,2402.0,2402.0,2398.820068,0
2017-09-08,2422.409912,2422.409912,2422.409912,2422.409912,2419.2028809999997,792
2017-09-11,2422.409912,2422.409912,2422.409912,2422.409912,2419.2028809999997,0
2017-09-12,2445.0,2445.0,2445.0,2445.0,2441.762939,82
2017-09-13,2445.0,2445.0,2445.0,2445.0,2441.762939,0
2017-09-14,2395.540039,2395.540039,2395.540039,2395.540039,2392.368408,600
2017-09-15,2403.330078,2403.330078,2403.330078,2403.330078,2400.1484379999997,3200
2017-09-18,2406.530029,2406.530029,2406.530029,2406.530029,2403.34375,100
2017-09-19,2406.530029,2406.530029,2406.530029,2406.530029,2403.34375,0
2017-09-20,2407.0,2407.0,2407.0,2407.0,2403.813232,33
2017-09-21,2407.0,2407.0,2407.0,2407.0,2403.813232,0
2017-09-22,2407.0,2407.0,2407.0,2407.0,2403.813232,0
2017-09-25,2364.669922,2364.669922,2364.669922,2364.669922,2361.539307,374
2017-09-26,2357.27002,2357.27002,2357.27002,2357.27002,2354.14917,4550
2017-09-27,2356.050049,2356.050049,2356.050049,2356.050049,2352.930908,10355
2017-09-28,2399.149902,2399.149902,2391.899902,2391.899902,2388.733154,4055
2017-09-29,2387.0,2398.25,2387.0,2398.25,2395.074951,4239
2017-10-02,2401.050049,2401.050049,2401.050049,2401.050049,2397.871338,3500
2017-10-03,2404.219971,2404.219971,2404.219971,2404.219971,2401.037109,3500
2017-10-04,2437.360107,2437.360107,2432.159912,2432.159912,2428.939941,1127
2017-10-05,2432.159912,2432.159912,2432.159912,2432.159912,2428.939941,0
2017-10-06,2466.600098,2467.449951,2464.209961,2467.449951,2464.18335,18446
2017-10-09,2467.449951,2467.449951,2467.449951,2467.449951,2464.18335,0
2017-10-10,2541.0,2541.0,2541.0,2541.0,2537.6357420000004,215
2017-10-11,2535.72998,2535.72998,2535.72998,2535.72998,2532.372803,700
2017-10-12,2535.72998,2535.72998,2535.72998,2535.72998,2532.372803,0
2017-10-13,2574.0,2574.0,2563.969971,2563.969971,2560.575439,900
2017-10-16,2563.969971,2563.969971,2563.969971,2563.969971,2560.575439,1
2017-10-17,2570.1201170000004,2570.1201170000004,2570.1201170000004,2570.1201170000004,2566.717529,200
2017-10-18,2570.1201170000004,2570.1201170000004,2570.1201170000004,2570.1201170000004,2566.717529,0
2017-10-19,2570.1201170000004,2570.1201170000004,2570.1201170000004,2570.1201170000004,2566.717529,0
2017-10-20,2577.969971,2577.969971,2550.0,2550.0,2546.624023,3565
2017-10-23,2550.0,2550.0,2550.0,2550.0,2546.624023,0
2017-10-24,2550.0,2550.0,2550.0,2550.0,2546.624023,0
2017-10-25,2550.0,2550.0,2550.0,2550.0,2546.624023,0
2017-10-26,2550.0,2550.0,2550.0,2550.0,2546.624023,0
2017-10-27,2615.469971,2615.469971,2615.469971,2615.469971,2612.0073239999997,1700
2017-10-30,2620.0,2634.530029,2620.0,2634.530029,2631.0419920000004,4385
2017-10-31,2634.530029,2634.530029,2634.530029,2634.530029,2631.0419920000004,0
2017-11-01,2634.530029,2634.530029,2634.530029,2634.530029,2631.0419920000004,0
2017-11-03,2600.0,2611.0,2600.0,2611.0,2607.543213,10953
2017-11-06,2590.0,2590.0,2590.0,2590.0,2586.571045,225
2017-11-07,2579.810059,2587.3701170000004,2579.810059,2587.3701170000004,2583.94458,1100
2017-11-08,2587.3701170000004,2587.3701170000004,2587.3701170000004,2587.3701170000004,2583.94458,0
2017-11-09,2587.3701170000004,2587.3701170000004,2587.3701170000004,2587.3701170000004,2583.94458,0
2017-11-10,2587.0,2587.0,2587.0,2587.3701170000004,2583.94458,33
2017-11-13,2604.449951,2604.449951,2604.449951,2604.449951,2601.001953,600
2017-11-14,2600.780029,2600.780029,2600.780029,2600.780029,2597.33667,207
2017-11-15,2600.780029,2600.780029,2600.780029,2600.780029,2597.33667,0
2017-11-16,2600.780029,2600.780029,2600.780029,2600.780029,2597.33667,0
2017-11-17,2600.780029,2600.780029,2600.780029,2600.780029,2597.33667,0
2017-11-21,2600.780029,2600.780029,2600.780029,2600.780029,2597.33667,0
2017-11-22,2557.0,2557.0,2557.0,2557.0,2553.614746,58
2017-11-23,2557.0,2557.0,2557.0,2557.0,2553.614746,0
2017-11-24,2557.0,2557.0,2557.0,2557.0,2553.614746,0
2017-11-27,2586.550049,2592.0,2585.0,2590.689941,2587.260254,3377
2017-11-28,2590.689941,2590.689941,2590.689941,2590.689941,2587.260254,0
2017-11-29,2590.689941,2590.689941,2590.689941,2590.689941,2587.260254,0
2017-11-30,2590.689941,2590.689941,2590.689941,2590.689941,2587.260254,0
2017-12-01,2588.5,2588.810059,2571.0,2576.0,2572.5896,8394
2017-12-04,2603.3701170000004,2603.3701170000004,2602.969971,2602.969971,2599.5239260000003,1873
2017-12-05,2628.1201170000004,2628.1201170000004,2622.649902,2622.649902,2619.177734,19190
2017-12-06,2681.909912,2681.909912,2681.0,2681.0,2677.450684,422
2017-12-07,2681.0,2681.0,2681.0,2681.0,2677.450684,0
2017-12-08,2681.0,2681.0,2681.0,2681.0,2677.450684,0
2017-12-11,2705.0,2732.0,2701.360107,2701.360107,2697.783691,1685
2017-12-13,2701.699951,2708.0,2697.899902,2697.899902,2694.328125,675
2017-12-14,2696.300049,2700.300049,2696.300049,2700.300049,2696.724854,160
2017-12-15,2700.300049,2700.300049,2700.300049,2700.300049,2696.724854,0
2017-12-18,2727.050049,2756.0,2727.050049,2735.0,2731.378906,1685
2017-12-19,2735.0,2735.0,2735.0,2735.0,2731.378906,0
2017-12-20,2755.0,2755.0,2755.0,2755.0,2751.352539,324
2017-12-21,2755.0,2755.0,2755.0,2755.0,2751.352539,0
2017-12-22,2804.0,2810.0,2804.0,2810.0,2806.279785,344
2017-12-26,2890.0,2890.0,2890.0,2890.0,2886.173828,22
2017-12-27,2842.52002,2842.52002,2842.52002,2842.52002,2838.756836,812
2017-12-28,2855.149902,2855.149902,2855.149902,2855.149902,2851.369873,200
2017-12-29,2855.0,2855.0,2855.0,2855.0,2851.220215,60
2018-01-02,2840.0,2840.0,2840.0,2840.0,2836.23999,54
2018-01-03,2840.0,2840.0,2840.0,2840.0,2836.23999,0
2018-01-04,2795.399902,2795.399902,2795.399902,2795.399902,2791.698975,3500
2018-01-05,2795.399902,2795.399902,2795.399902,2795.399902,2791.698975,0
2018-01-08,2795.0,2795.0,2795.0,2795.0,2791.299805,75
2018-01-09,2789.0,2827.0,2789.0,2818.0,2814.269287,1090
2018-01-10,2818.0,2818.0,2818.0,2818.0,2814.269287,0
2018-01-11,2818.0,2818.0,2818.0,2818.0,2814.269287,0
2018-01-12,2762.0,2762.189941,2762.0,2762.189941,2758.532959,1187
2018-01-15,2762.189941,2762.189941,2762.189941,2762.189941,2758.532959,0
2018-01-16,2699.0,2810.0,2697.0,2810.0,2806.279785,1210
2018-01-17,2705.449951,2705.449951,2696.889893,2696.889893,2693.319336,1272
2018-01-18,2696.889893,2696.889893,2696.889893,2696.889893,2693.319336,0
2018-01-19,2704.27002,2711.090088,2704.27002,2711.090088,2707.500732,4720
2018-01-22,2725.0,2776.0,2715.0,2755.0,2751.352539,355
2018-01-23,2755.0,2755.0,2755.0,2755.0,2751.352539,0
2018-01-24,2701.25,2701.25,2677.0,2681.0,2677.450684,1262
2018-01-25,2703.0,2703.0,2692.0,2692.0,2688.436035,296
2018-01-26,2685.820068,2685.820068,2685.820068,2685.820068,2682.26416,5780
2018-01-29,2694.0,2700.0,2650.0,2700.0,2696.425293,551
2018-01-30,2700.0,2700.0,2700.0,2700.0,2696.425293,0
2018-01-31,2683.25,2697.0,2667.540039,2680.0,2676.451904,2467
2018-02-01,2680.0,2680.0,2680.0,2680.0,2676.451904,0
2018-02-02,2632.719971,2650.0,2629.050049,2629.050049,2625.569336,4188
2018-02-06,2520.709961,2544.0,2520.709961,2530.0,2526.650391,1736
2018-02-07,2565.050049,2565.050049,2565.050049,2565.050049,2561.654053,500
2018-02-08,2595.23999,2595.23999,2595.23999,2595.23999,2591.803955,400
2018-02-09,2595.23999,2595.23999,2595.23999,2595.23999,2591.803955,0
2018-02-12,2600.0,2606.0,2547.0,2606.0,2602.549805,627
2018-02-13,2551.959961,2551.959961,2551.959961,2551.959961,2548.581543,601
2018-02-14,2551.959961,2551.959961,2551.959961,2551.959961,2548.581543,0
2018-02-15,2560.0,2560.0,2560.0,2560.0,2556.61084,1142
2018-02-16,2607.47998,2607.47998,2607.47998,2607.47998,2604.027832,400
2018-02-19,2607.47998,2607.47998,2607.47998,2607.47998,2604.027832,0
2018-02-20,2594.429932,2612.300049,2594.429932,2612.300049,2608.841553,1276
2018-02-21,2592.399902,2592.399902,2592.399902,2592.399902,2588.967773,160
2018-02-22,2559.100098,2559.100098,2559.100098,2559.100098,2557.115967,80
2018-02-23,2559.100098,2559.100098,2559.100098,2559.100098,2557.115967,0
2018-02-26,2602.0,2700.0,2602.0,2700.0,2697.9064940000003,324
2018-02-27,2597.600098,2597.600098,2597.600098,2597.600098,2595.586182,102
2018-02-28,2557.699951,2560.0,2555.0,2560.0,2558.0151370000003,826
2018-03-01,2560.0,2560.0,2560.0,2560.0,2558.0151370000003,0
2018-03-02,2560.0,2560.0,2560.0,2560.0,2558.0151370000003,0
2018-03-05,2512.389893,2562.0,2512.389893,2560.0,2558.0151370000003,3986
2018-03-06,2510.0,2510.0,2490.0,2500.0,2498.061768,2908
2018-03-07,2500.0,2500.0,2500.0,2500.0,2498.061768,0
2018-03-08,2527.0,2527.0,2527.0,2527.0,2525.040771,601
2018-03-09,2527.0,2527.0,2527.0,2527.0,2525.040771,0
2018-03-12,2548.0,2648.0,2548.0,2648.0,2645.947021,277
2018-03-13,2648.0,2648.0,2648.0,2648.0,2645.947021,0
2018-03-14,2525.75,2525.75,2525.75,2525.75,2523.791748,600
2018-03-15,2525.75,2525.75,2525.75,2525.75,2523.791748,0
2018-03-16,2525.75,2525.75,2525.75,2525.75,2523.791748,0
2018-03-20,2550.0,2550.0,2550.0,2550.0,2548.0229489999997,86
2018-03-21,2562.75,2562.75,2562.75,2562.75,2560.762939,8
2018-03-22,2473.0,2473.0,2473.0,2473.0,2471.08252,1320
2018-03-23,2478.310059,2478.310059,2478.310059,2478.310059,2476.388428,3915
2018-03-26,2478.310059,2478.310059,2478.310059,2478.310059,2476.388428,0
2018-03-27,2440.0,2440.0,2440.0,2440.0,2438.108154,200
2018-03-28,2440.0,2440.0,2440.0,2440.0,2438.108154,0
2018-04-02,2430.0,2440.0,2430.0,2440.0,2438.108154,531
2018-04-03,2440.0,2440.0,2440.0,2440.0,2438.108154,0
2018-04-04,2440.0,2440.0,2440.0,2440.0,2438.108154,0
2018-04-05,2440.0,2440.0,2440.0,2440.0,2438.108154,0
2018-04-06,2440.0,2440.0,2440.0,2440.0,2438.108154,0
2018-04-09,2582.02002,2582.02002,2570.0,2570.0,2568.0073239999997,863
2018-04-10,2570.0,2570.0,2570.0,2570.0,2568.0073239999997,0
2018-04-11,2570.0,2570.0,2570.0,2570.0,2568.0073239999997,0
2018-04-12,2570.0,2570.0,2570.0,2570.0,2568.0073239999997,0
2018-04-13,2570.0,2570.0,2570.0,2570.0,2568.0073239999997,0
2018-04-16,2547.0,2547.0,2547.0,2547.0,2545.025146,107
2018-04-17,2510.840088,2510.840088,2510.840088,2510.840088,2508.893311,707
2018-04-18,2510.840088,2510.840088,2510.840088,2510.840088,2508.893311,0
2018-04-19,2510.840088,2510.840088,2510.840088,2510.840088,2508.893311,0
2018-04-20,2510.840088,2510.840088,2510.840088,2510.840088,2508.893311,0
2018-04-23,2530.0,2600.0,2530.0,2600.0,2597.9841309999997,67
2018-04-24,2593.149902,2593.149902,2593.149902,2593.149902,2591.139404,600
2018-04-25,2593.149902,2593.149902,2593.149902,2593.149902,2591.139404,0
2018-04-26,2593.149902,2593.149902,2593.149902,2593.149902,2591.139404,0
2018-04-27,2593.149902,2593.149902,2593.149902,2593.149902,2591.139404,0
2018-04-30,2663.0,2663.0,2640.0,2640.0,2637.953125,366
2018-05-02,2702.0,2702.0,2609.149902,2688.0,2685.916016,361
2018-05-03,2693.0,2693.0,2693.0,2693.0,2690.912109,50
2018-05-04,2693.0,2693.0,2693.0,2693.0,2690.912109,0
2018-05-07,2777.100098,2795.0,2770.0,2795.0,2792.8330079999996,7521
2018-05-08,2795.0,2795.0,2795.0,2795.0,2792.8330079999996,0
2018-05-09,2816.429932,2816.429932,2700.0,2810.0,2807.821289,4537
2018-05-10,2775.1201170000004,2775.1201170000004,2700.0,2700.0,2697.9064940000003,15921
2018-05-11,2700.0,2700.0,2700.0,2700.0,2697.9064940000003,0
2018-05-14,2824.899902,2824.899902,2815.0,2815.0,2812.8173829999996,7787
2018-05-15,2855.139893,2855.139893,2840.0,2840.0,2837.798096,5775
2018-05-16,2876.659912,2876.659912,2876.659912,2876.659912,2874.429443,8700
2018-05-17,2876.659912,2876.659912,2876.659912,2876.659912,2874.429443,0
2018-05-18,2894.909912,2894.909912,2894.909912,2894.909912,2892.665283,1350
2018-05-21,2900.0,2900.0,2900.0,2900.0,2897.751465,195
2018-05-22,2900.0,2900.0,2900.0,2900.0,2897.751465,0
2018-05-23,2900.0,2900.0,2900.0,2900.0,2897.751465,0
2018-05-24,2900.0,2900.0,2900.0,2900.0,2897.751465,0
2018-05-25,2900.0,2900.0,2900.0,2900.0,2897.751465,0
2018-05-28,2900.0,2900.0,2900.0,2900.0,2897.751465,0
2018-05-29,2905.0,2905.0,2905.0,2905.0,2902.747559,58
2018-05-30,2905.0,2905.0,2905.0,2905.0,2902.747559,0
2018-05-31,2945.0,2945.0,2930.0,2930.0,2927.728271,492
2018-06-01,2875.0,2875.0,2875.0,2875.0,2872.770996,30
2018-06-04,2870.0,2985.0,2870.0,2985.0,2982.685547,63
2018-06-05,2985.0,2985.0,2985.0,2985.0,2982.685547,0
2018-06-06,2985.0,2985.0,2985.0,2985.0,2982.685547,0
2018-06-07,2985.0,2985.0,2985.0,2985.0,2982.685547,0
2018-06-08,2985.0,2985.0,2985.0,2985.0,2982.685547,0
2018-06-11,3045.0,3055.0,3045.0,3048.0,3045.636719,159
2018-06-12,3048.0,3048.0,3048.0,3048.0,3045.636719,0
2018-06-13,3063.0,3080.850098,3063.0,3067.0,3064.62207,884
2018-06-14,3054.100098,3054.100098,3054.100098,3054.100098,3051.732178,1326
2018-06-15,3054.100098,3054.100098,3054.100098,3054.100098,3051.732178,0
2018-06-18,3007.110107,3008.0,3007.110107,3008.0,3005.667725,2823
2018-06-19,2965.199951,2965.199951,2965.199951,2965.199951,2962.900879,318
2018-06-20,2929.5,2929.5,2929.5,2929.5,2927.22876,159
2018-06-21,2921.899902,2921.899902,2921.899902,2921.899902,2919.634521,33
2018-06-22,2920.0,2920.0,2920.0,2920.0,2917.736084,100
2018-06-25,2859.530029,2859.530029,2843.0,2843.0,2840.795654,939
2018-06-26,2838.429932,2848.48999,2838.429932,2848.48999,2846.2814940000003,1466
2018-06-27,2862.48999,2873.8701170000004,2862.48999,2873.8701170000004,2871.641846,402
2018-06-28,2873.8701170000004,2873.8701170000004,2873.8701170000004,2873.8701170000004,2871.641846,0
2018-06-29,2840.0,2855.0,2840.0,2855.0,2852.786377,846
2018-07-02,2862.0,2862.0,2837.0,2837.0,2834.800293,237
2018-07-03,2837.0,2837.0,2837.0,2837.0,2834.800293,0
2018-07-04,2837.0,2837.0,2837.0,2837.0,2834.800293,0
2018-07-05,2675.0,2790.0,2675.0,2790.0,2787.836914,570
2018-07-06,2790.0,2790.0,2790.0,2790.0,2787.836914,0
2018-07-09,2794.570068,2805.0,2794.570068,2797.0,2794.831299,3093
2018-07-10,2797.0,2797.0,2797.0,2797.0,2794.831299,0
2018-07-11,2797.0,2797.0,2797.0,2797.0,2794.831299,0
2018-07-12,2797.0,2797.0,2797.0,2797.0,2794.831299,0
2018-07-13,2797.0,2797.0,2797.0,2797.0,2794.831299,0
2018-07-16,2745.0,2745.0,2710.0,2710.0,2707.8989260000003,52
2018-07-17,2710.0,2710.0,2710.0,2710.0,2707.8989260000003,0
2018-07-18,2789.01001,2789.01001,2789.01001,2789.01001,2786.847656,762
2018-07-19,2789.01001,2789.01001,2789.01001,2789.01001,2786.847656,0
2018-07-20,2875.01001,2875.01001,2875.01001,2875.01001,2872.7810059999997,261
2018-07-23,2845.0,2985.0,2830.0,2830.0,2827.805908,326
2018-07-24,2830.0,2830.0,2830.0,2830.0,2827.805908,0
2018-07-25,2830.0,2830.0,2830.0,2830.0,2827.805908,0
2018-07-26,2830.0,2830.0,2830.0,2830.0,2827.805908,0
2018-07-27,2830.0,2830.0,2830.0,2830.0,2827.805908,0
2018-07-30,2725.0,2830.0,2725.0,2830.0,2827.805908,264
2018-07-31,2720.0,2743.01001,2705.0,2743.01001,2740.8833010000003,1223
2018-08-01,2743.01001,2743.01001,2743.01001,2743.01001,2740.8833010000003,0
2018-08-02,2737.52002,2737.52002,2737.52002,2737.52002,2735.397461,330
2018-08-03,2721.0,2721.0,2721.0,2721.0,2718.8903809999997,61
2018-08-06,2715.0,2735.0,2710.0,2710.0,2707.8989260000003,421
2018-08-07,2710.0,2710.0,2710.0,2710.0,2707.8989260000003,0
2018-08-08,2710.0,2710.0,2710.0,2710.0,2707.8989260000003,0
2018-08-09,2680.01001,2680.01001,2680.01001,2680.01001,2680.01001,233
2018-08-10,2680.01001,2680.01001,2680.01001,2680.01001,2680.01001,0
2018-08-13,2750.0,2832.850098,2750.0,2832.850098,2832.850098,67
2018-08-14,2709.0,2709.0,2709.0,2709.0,2709.0,497
2018-08-15,2697.0,2697.0,2697.0,2697.0,2697.0,226
2018-08-16,2697.0,2697.0,2697.0,2697.0,2697.0,0
2018-08-17,2697.0,2697.0,2697.0,2697.0,2697.0,0
2018-08-20,2730.189941,2750.0,2730.189941,2750.0,2750.0,3458
2018-08-21,2682.199951,2682.199951,2682.199951,2682.199951,2682.199951,728
2018-08-22,2682.199951,2682.199951,2682.199951,2682.199951,2682.199951,0
2018-08-23,2682.199951,2682.199951,2682.199951,2682.199951,2682.199951,0
2018-08-24,2682.199951,2682.199951,2682.199951,2682.199951,2682.199951,0
2018-08-27,2690.0,2690.0,2655.0,2655.0,2655.0,269
2018-08-28,2655.0,2655.0,2655.0,2655.0,2655.0,0
2018-08-29,2655.0,2655.0,2655.0,2655.0,2655.0,0
2018-08-30,2655.0,2655.0,2655.0,2655.0,2655.0,0
2018-08-31,2655.0,2655.0,2655.0,2655.0,2655.0,0
2018-09-03,2655.0,2655.0,2655.0,2655.0,2655.0,0
2018-09-04,2703.0,2703.0,2703.0,2703.0,2703.0,13236
2018-09-05,2703.0,2703.0,2703.0,2703.0,2703.0,0
2018-09-06,2703.0,2703.0,2703.0,2703.0,2703.0,0
2018-09-07,2703.0,2703.0,2703.0,2703.0,2703.0,0
2018-09-10,2703.0,2703.0,2703.0,2703.0,2703.0,0
2018-09-11,2703.0,2703.0,2703.0,2703.0,2703.0,0
2018-09-12,2653.100098,2653.100098,2653.100098,2653.100098,2653.100098,193
2018-09-13,2653.100098,2653.100098,2653.100098,2653.100098,2653.100098,0
2018-09-14,2653.100098,2653.100098,2653.100098,2653.100098,2653.100098,0
2018-09-17,2653.100098,2653.100098,2653.100098,2653.100098,2653.100098,0
2018-09-18,2653.100098,2653.100098,2653.100098,2653.100098,2653.100098,0
2018-09-19,2653.100098,2653.100098,2653.100098,2653.100098,2653.100098,0
2018-09-20,2653.100098,2653.100098,2653.100098,2653.100098,2653.100098,0
2018-09-21,2653.100098,2653.100098,2653.100098,2653.100098,2653.100098,0
2018-09-24,2653.100098,2653.100098,2653.100098,2653.100098,2653.100098,0
2018-09-25,2653.100098,2653.100098,2653.100098,2653.100098,2653.100098,0
2018-09-26,2653.100098,2653.100098,2653.100098,2653.100098,2653.100098,0
2018-09-27,2653.100098,2653.100098,2653.100098,2653.100098,2653.100098,0
2018-09-28,2653.100098,2653.100098,2653.100098,2653.100098,2653.100098,0
2018-10-01,2653.100098,2653.100098,2653.100098,2653.100098,2653.100098,0
2018-10-02,2686.0,2686.0,2677.590088,2677.590088,2677.590088,1301
2018-10-03,2677.590088,2677.590088,2677.590088,2677.590088,2677.590088,0
2018-10-04,2677.590088,2677.590088,2677.590088,2677.590088,2677.590088,0
2018-10-05,2649.0,2649.0,2649.0,2649.0,2649.0,122
2018-10-08,2665.199951,2665.199951,2665.199951,2665.199951,2665.199951,129
2018-10-09,2671.0,2671.0,2671.0,2671.0,2671.0,1240
2018-10-10,2626.409912,2626.409912,2626.409912,2626.409912,2626.409912,4365
2018-10-11,2626.409912,2626.409912,2626.409912,2626.409912,2626.409912,0
2018-10-12,2626.409912,2626.409912,2626.409912,2626.409912,2626.409912,0
2018-10-15,2521.100098,2522.0,2512.659912,2512.659912,2512.659912,1590
2018-10-16,2544.699951,2545.0,2544.699951,2545.0,2545.0,570
2018-10-17,2545.0,2545.0,2545.0,2545.0,2545.0,0
2018-10-18,2630.919922,2630.919922,2630.919922,2630.919922,2630.919922,3605
2018-10-19,2630.919922,2630.919922,2630.919922,2630.919922,2630.919922,0
2018-10-22,2630.919922,2630.919922,2630.919922,2630.919922,2630.919922,0
2018-10-23,2630.919922,2630.919922,2630.919922,2630.919922,2630.919922,0
2018-10-24,2719.409912,2719.409912,2719.409912,2719.409912,2719.409912,3305
2018-10-25,2685.47998,2685.47998,2685.47998,2685.47998,2685.47998,1287
2018-10-26,2685.47998,2685.47998,2685.47998,2685.47998,2685.47998,0
2018-10-29,2685.47998,2685.47998,2685.47998,2685.47998,2685.47998,0
2018-10-30,2685.47998,2685.47998,2685.47998,2685.47998,2685.47998,0
2018-10-31,2815.929932,2815.929932,2815.929932,2815.929932,2815.929932,3940
2018-11-01,2815.929932,2815.929932,2815.929932,2815.929932,2815.929932,0
2018-11-05,2783.600098,2783.600098,2783.600098,2783.600098,2783.600098,10
2018-11-06,2778.5,2778.5,2774.719971,2774.719971,2774.719971,3410
2018-11-07,2774.719971,2774.719971,2774.719971,2774.719971,2774.719971,0
2018-11-08,2774.719971,2774.719971,2774.719971,2774.719971,2774.719971,0
2018-11-09,2774.719971,2774.719971,2774.719971,2774.719971,2774.719971,0
2018-11-12,2774.719971,2774.719971,2774.719971,2774.719971,2774.719971,0
2018-11-13,2700.0,2700.0,2700.0,2700.0,2700.0,10
2018-11-14,2882.0,2908.27002,2882.0,2908.27002,2908.27002,745
2018-11-15,2908.27002,2908.27002,2907.0,2907.5,2907.5,135
2018-11-16,2907.5,2907.5,2907.5,2907.5,2907.5,0
2018-11-20,2907.5,2907.5,2907.5,2907.5,2907.5,0
2018-11-21,2911.179932,2911.179932,2911.179932,2911.179932,2911.179932,3125
2018-11-22,2911.179932,2911.179932,2911.179932,2911.179932,2911.179932,0
2018-11-23,2910.0,2910.0,2910.0,2910.0,2910.0,68
2018-11-26,2960.0,2985.0,2960.0,2984.399902,2984.399902,415
2018-11-27,2975.0,2975.0,2965.0,2966.01001,2966.01001,325
2018-11-28,2966.01001,2966.01001,2966.01001,2966.01001,2966.01001,0
2018-11-29,2942.02002,2942.02002,2942.02002,2942.02002,2942.02002,1331
2018-11-30,2942.02002,2942.02002,2942.02002,2942.02002,2942.02002,0
2018-12-03,2912.5,2914.699951,2911.0,2911.0,2911.0,727
2018-12-04,2911.0,2911.0,2911.0,2911.0,2911.0,0
2018-12-05,2911.0,2911.0,2911.0,2911.0,2911.0,0
2018-12-06,2911.0,2911.0,2911.0,2911.0,2911.0,0
2018-12-07,2911.0,2911.0,2911.0,2911.0,2911.0,0
2018-12-10,2911.0,2911.0,2911.0,2911.0,2911.0,0
2018-12-11,2911.0,2911.0,2911.0,2911.0,2911.0,0
2018-12-13,2911.0,2911.0,2911.0,2911.0,2911.0,0
2018-12-14,2892.48999,2892.48999,2892.48999,2892.48999,2892.48999,1746
2018-12-17,2892.48999,2892.48999,2892.48999,2892.48999,2892.48999,0
2018-12-18,2892.48999,2892.48999,2892.48999,2892.48999,2892.48999,0
2018-12-19,2892.48999,2892.48999,2892.48999,2892.48999,2892.48999,0
2018-12-20,2770.0,2770.0,2770.0,2770.0,2770.0,50
2018-12-21,2841.0,2841.0,2825.0,2825.0,2825.0,3282
2018-12-24,2825.0,2825.0,2825.0,2825.0,2825.0,0
2018-12-26,2825.0,2825.0,2825.0,2825.0,2825.0,0
2018-12-27,2742.040039,2765.0,2742.040039,2765.0,2765.0,3035
2018-12-28,2765.0,2765.0,2765.0,2765.0,2765.0,0
2018-12-31,2765.0,2765.0,2765.0,2765.0,2765.0,0
2019-01-02,2765.0,2765.0,2765.0,2765.0,2765.0,0
2019-01-03,2765.0,2765.0,2765.0,2765.0,2765.0,0
2019-01-04,2765.0,2765.0,2765.0,2765.0,2765.0,0
2019-01-07,2677.889893,2680.0,2677.889893,2680.0,2680.0,2452
2019-01-08,2680.0,2680.0,2680.0,2680.0,2680.0,0
2019-01-09,2680.0,2680.0,2680.0,2680.0,2680.0,0
2019-01-10,2660.149902,2660.149902,2660.149902,2660.149902,2660.149902,1260
2019-01-11,2660.149902,2660.149902,2660.149902,2660.149902,2660.149902,0
2019-01-14,2660.149902,2660.149902,2660.149902,2660.149902,2660.149902,0
2019-01-15,2660.149902,2660.149902,2660.149902,2660.149902,2660.149902,0
2019-01-16,2654.0,2654.0,2654.0,2654.0,2654.0,20
2019-01-17,2690.0,2690.0,2690.0,2690.0,2690.0,2100
2019-01-18,2690.0,2690.0,2690.0,2690.0,2690.0,0
2019-01-21,2690.0,2690.0,2690.0,2690.0,2690.0,0
2019-01-22,2690.0,2690.0,2690.0,2690.0,2690.0,0
2019-01-23,2744.139893,2744.139893,2744.139893,2744.139893,2744.139893,644
2019-01-24,2705.850098,2705.850098,2705.850098,2705.850098,2705.850098,60
2019-01-25,2705.850098,2705.850098,2705.850098,2705.850098,2705.850098,0
2019-01-28,2705.850098,2705.850098,2705.850098,2705.850098,2705.850098,0
2019-01-29,2705.850098,2705.850098,2705.850098,2705.850098,2705.850098,0
2019-01-30,2705.850098,2705.850098,2705.850098,2705.850098,2705.850098,0
2019-01-31,2899.0,2899.0,2899.0,2899.0,2899.0,200
2019-02-01,2899.5,2908.01001,2882.23999,2882.23999,2882.23999,4577
